февраль, 2021
17.02.2021 12:20:0045386
12  13  19  6  1  17  20  2  1 
⚲
734 115
17.02.2021 11:50:0045385
15  13  19  7  6  1  17  14  3 
⚲
734 535
17.02.2021 11:20:0045384
10  20  13  19  17  2  5  11  4 
⚲
728 295
17.02.2021 09:50:0045383
10  2  13  20  3  4  8  16  3 
⚲
730 335
17.02.2021 09:20:0045382
8  14  3  13  18  5  1  19  4 
⚲
727 515
17.02.2021 08:50:0045381
1  9  12  15  5  16  8  6  4 
⚲
722 175
17.02.2021 08:20:0045380
16  3  20  15  11  12  6  1  2 
⚲
723 285
17.02.2021 07:50:0045379
2  20  7  11  18  8  4  19  1 
⚲
721 455
17.02.2021 07:20:0045378
18  15  16  9  11  6  1  12  4 
⚲
719 925
17.02.2021 06:50:0045377
20  3  6  11  12  13  7  5  4 
⚲
717 975
17.02.2021 06:20:0045376
7  12  17  20  11  3  13  19  3 
⚲
717 825
17.02.2021 05:50:0045375
17  19  1  9  10  6  12  14  4 
⚲
715 035
17.02.2021 05:20:0045374
20  17  9  12  14  6  7  5  3 
⚲
713 325
17.02.2021 04:50:0045373
10  2  7  18  16  3  13  17  1 
⚲
711 195
17.02.2021 04:35:0045372
8  16  4  11  2  19  6  3  4 
⚲
711 735
17.02.2021 04:20:0045371
20  6  11  1  18  19  10  15  3 
⚲
709 065
17.02.2021 04:05:0045370
8  12  7  4  10  1  19  16  1 
⚲
711 285
17.02.2021 03:50:0045369
13  16  1  14  11  6  17  5  3 
⚲
710 685
17.02.2021 03:35:0045368
2  6  10  12  16  5  4  9  1 
⚲
710 445
17.02.2021 03:20:0045367
11  19  18  12  7  15  10  3  1 
⚲
709 545
17.02.2021 03:05:0045366
14  15  9  11  18  16  10  17  4 
⚲
709 005
17.02.2021 02:50:0045365
10  20  19  4  14  2  11  8  1 
⚲
708 465
17.02.2021 02:35:0045364
12  5  14  11  8  17  13  6  3 
⚲
708 885
17.02.2021 02:20:0045363
1  14  10  15  9  19  12  16  2 
⚲
708 015
17.02.2021 02:05:0045362
17  19  1  13  6  18  10  20  2 
⚲
707 325
17.02.2021 01:50:0045361
12  18  11  3  4  9  13  19  1 
⚲
706 275
17.02.2021 01:35:0045360
5  8  19  3  6  16  2  20  1 
⚲
707 205
17.02.2021 01:20:0045359
8  19  4  17  11  20  6  10  1 
⚲
706 155
17.02.2021 01:05:0045358
7  19  9  5  11  10  18  1  2 
⚲
707 415
17.02.2021 00:50:0045357
14  17  20  5  3  9  18  8  3 
⚲
706 365
17.02.2021 00:35:0045356
17  14  19  20  1  13  12  7  3 
⚲
706 095
17.02.2021 00:20:0045355
15  16  14  3  2  12  8  18  3 
⚲
705 585
17.02.2021 00:05:0045354
11  4  1  3  2  15  5  18  2 
⚲
703 335
16.02.2021 23:50:0045353
20  12  11  10  8  4  16  19  1 
⚲
701 685
16.02.2021 23:35:0045352
2  15  19  5  9  3  4  6  3 
⚲
703 095
16.02.2021 23:20:0045351
16  10  7  19  4  9  17  1  3 
⚲
702 345
16.02.2021 23:05:0045350
15  13  14  12  16  4  18  9  3 
⚲
702 255
16.02.2021 22:05:0045349
3  13  11  16  9  17  1  18  2 
⚲
702 075
16.02.2021 21:50:0045348
15  11  2  7  9  20  13  3  2 
⚲
696 615
16.02.2021 21:35:0045347
13  4  3  9  2  11  20  10  3 
⚲
695 325
16.02.2021 21:20:0045346
1  9  5  15  20  2  8  12  3 
⚲
692 535
16.02.2021 20:50:0045345
14  1  2  3  5  16  19  4  1 
⚲
691 545
16.02.2021 20:35:0045344
20  3  15  5  9  6  1  18  4 
⚲
686 835
16.02.2021 20:20:0045343
3  8  10  1  20  9  6  14  2 
⚲
681 195
16.02.2021 20:05:0045342
17  18  12  20  6  14  10  5  3 
⚲
679 815
16.02.2021 19:50:0045341
8  13  6  7  10  9  17  5  2 
⚲
684 885
16.02.2021 19:35:0045340
10  16  4  11  1  6  14  15  1 
⚲
669 975
16.02.2021 18:35:0045339
4  9  14  13  7  16  20  5  3 
⚲
674 145
16.02.2021 18:20:0045338
3  6  18  2  13  20  1  12  3 
⚲
667 515
16.02.2021 18:05:0045337
6  12  19  13  7  14  2  20  4 
⚲
664 425
февраль, 2021
16.02.2021 17:50:0045336
10  2  7  17  5  15  3  4  1 
⚲
664 455
16.02.2021 17:35:0045335
1  16  13  14  19  8  20  15  4 
⚲
657 825
16.02.2021 17:20:0045334
18  7  14  19  12  13  20  1  4 
⚲
643 005
16.02.2021 17:05:0045333
15  19  3  17  5  4  10  16  4 
⚲
635 445
16.02.2021 16:50:0045332
16  4  3  1  9  11  8  6  1 
⚲
636 165
16.02.2021 16:35:0045331
17  5  8  20  19  18  1  13  1 
⚲
627 675
16.02.2021 16:20:0045330
4  6  15  13  8  3  7  1  2 
⚲
624 855
16.02.2021 15:05:0045329
3  1  16  7  2  19  15  18  4 
⚲
620 625
16.02.2021 14:50:0045328
5  17  8  4  11  7  18  12  1 
⚲
619 755
16.02.2021 14:35:0045327
1  6  4  19  9  12  11  2  3 
⚲
615 705
16.02.2021 14:20:0045326
14  5  1  6  9  15  2  3  1 
⚲
612 165
16.02.2021 14:05:0045325
17  3  14  15  19  20  6  12  4 
⚲
603 465
16.02.2021 12:50:0045324
15  7  6  4  17  14  12  3  2 
⚲
601 905
16.02.2021 12:20:0045323
17  3  10  14  11  18  16  1  2 
⚲
595 305
16.02.2021 11:50:0045322
4  1  3  14  15  16  6  10  2 
⚲
588 975
16.02.2021 11:20:0045321
4  7  16  11  3  5  14  12  3 
⚲
582 735
16.02.2021 09:50:0045320
7  1  12  17  3  11  16  2  1 
⚲
572 145
16.02.2021 09:20:0045319
6  16  13  7  2  8  17  1  3 
⚲
569 445
16.02.2021 08:50:0045318
2  9  3  11  1  8  5  15  4 
⚲
568 965
16.02.2021 08:20:0045317
11  12  13  10  7  18  16  9  4 
⚲
568 035
16.02.2021 07:50:0045316
14  10  4  12  16  6  7  19  2 
⚲
565 065
16.02.2021 07:20:0045315
5  13  9  15  17  12  16  6  2 
⚲
566 595
16.02.2021 06:50:0045314
19  10  8  18  5  3  9  16  4 
⚲
564 285
16.02.2021 06:20:0045313
3  12  9  10  7  13  2  20  1 
⚲
566 925
16.02.2021 05:50:0045312
9  1  17  8  5  6  12  10  4 
⚲
561 435
16.02.2021 05:20:0045311
17  1  14  19  5  11  13  9  3 
⚲
562 365
16.02.2021 04:50:0045310
15  7  12  2  18  9  10  11  1 
⚲
563 235
16.02.2021 04:35:0045309
15  16  2  18  10  3  13  9  4 
⚲
561 765
16.02.2021 04:20:0045308
11  3  20  14  10  8  13  18  1 
⚲
560 985
16.02.2021 04:05:0045307
5  11  8  6  12  16  14  15  1 
⚲
561 585
16.02.2021 03:50:0045306
17  4  14  3  13  8  1  20  3 
⚲
561 585
16.02.2021 03:35:0045305
12  20  10  13  1  11  9  17  1 
⚲
555 915
16.02.2021 03:20:0045304
3  8  5  19  17  15  1  6  2 
⚲
554 535
16.02.2021 03:05:0045303
20  11  7  14  6  19  8  16  2 
⚲
553 515
16.02.2021 02:50:0045302
5  6  18  13  20  16  8  3  3 
⚲
553 695
16.02.2021 02:35:0045301
2  14  15  8  16  3  13  11  2 
⚲
553 065
16.02.2021 02:20:0045300
20  16  3  19  6  17  10  9  3 
⚲
552 825
16.02.2021 02:05:0045299
8  11  2  9  12  6  13  16  3 
⚲
551 925
16.02.2021 01:50:0045298
12  15  7  17  13  5  9  3  1 
⚲
550 455
16.02.2021 01:35:0045297
18  8  9  2  19  10  4  7  4 
⚲
548 805
16.02.2021 01:20:0045296
15  5  14  11  4  3  18  2  4 
⚲
546 345
16.02.2021 01:05:0045295
2  9  17  14  19  6  18  5  1 
⚲
544 815
16.02.2021 00:50:0045294
7  5  13  8  9  1  2  10  2 
⚲
544 515
16.02.2021 00:35:0045293
7  13  2  9  17  14  10  16  4 
⚲
542 985
16.02.2021 00:20:0045292
8  15  17  3  20  1  5  10  3 
⚲
545 055
16.02.2021 00:05:0045291
12  16  19  10  17  2  11  3  4 
⚲
543 555
15.02.2021 23:50:0045290
2  1  19  10  12  20  13  3  2 
⚲
539 445
15.02.2021 23:35:0045289
7  5  2  19  8  13  20  6  1 
⚲
537 855
15.02.2021 23:20:0045288
3  10  1  18  19  4  17  11  3 
⚲
532 365
15.02.2021 23:05:0045287
20  4  17  13  5  16  9  15  1 
⚲
527 865
февраль, 2021
15.02.2021 22:05:0045286
10  2  15  20  1  7  4  16  3 
⚲
524 685
15.02.2021 21:50:0045285
5  3  2  15  11  9  4  8  2 
⚲
532 215
15.02.2021 21:35:0045284
4  2  1  19  3  18  8  7  1 
⚲
529 605
15.02.2021 21:20:0045283
19  13  3  12  6  18  20  9  1 
⚲
521 925
15.02.2021 20:50:0045282
8  2  17  7  6  1  16  19  3 
⚲
516 495
15.02.2021 20:35:0045281
4  3  2  6  7  20  17  1  4 
⚲
513 945
15.02.2021 20:20:0045280
1  20  10  17  7  5  8  12  1 
⚲
510 195
15.02.2021 20:05:0045279
10  15  19  1  9  12  14  17  1 
⚲
508 395
15.02.2021 19:50:0045278
6  2  19  8  14  3  7  17  3 
⚲
510 585
15.02.2021 19:35:0045277
3  6  18  16  1  17  20  4  3 
⚲
500 265
15.02.2021 18:35:0045276
7  2  15  3  13  10  14  9  4 
⚲
500 265
15.02.2021 18:20:0045275
5  9  16  13  18  11  4  8  1 
⚲
499 545
15.02.2021 18:05:0045274
2  14  17  5  15  10  4  1  3 
⚲
496 755
15.02.2021 17:50:0045273
19  4  18  15  2  16  8  9  1 
⚲
494 325
15.02.2021 17:35:0045272
18  2  12  3  10  4  14  13  1 
⚲
493 635
15.02.2021 17:20:0045271
5  9  17  15  14  2  20  12  2 
⚲
493 215
15.02.2021 17:05:0045270
9  15  13  19  10  1  6  14  2 
⚲
491 265
15.02.2021 16:50:0045269
10  3  14  19  12  11  17  9  2 
⚲
489 795
15.02.2021 16:35:0045268
1  6  3  12  9  17  16  7  1 
⚲
487 335
15.02.2021 16:20:0045267
2  18  19  11  6  17  13  4  1 
⚲
489 285
15.02.2021 15:05:0045266
8  19  18  7  15  2  6  5  2 
⚲
490 245
15.02.2021 14:50:0045265
6  18  15  13  20  16  17  5  2 
⚲
487 665
15.02.2021 14:35:0045264
10  6  5  12  9  20  8  4  2 
⚲
488 235
15.02.2021 14:20:0045263
20  11  12  7  4  18  2  17  3 
⚲
484 425
15.02.2021 14:05:0045262
8  4  7  6  10  15  17  16  1 
⚲
484 125
15.02.2021 12:50:0045261
12  18  11  4  9  8  14  1  1 
⚲
480 825
15.02.2021 12:20:0045260
11  13  1  9  16  20  7  12  1 
⚲
478 125
15.02.2021 11:50:0045259
8  18  4  14  13  10  12  16  4 
⚲
478 215
15.02.2021 11:20:0045258
5  3  12  15  19  10  4  1  2 
⚲
476 925
15.02.2021 09:50:0045257
2  11  16  20  7  18  9  15  4 
⚲
472 665
15.02.2021 09:20:0045256
15  13  6  2  12  11  3  19  4 
⚲
470 415
15.02.2021 08:50:0045255
16  1  7  3  4  18  20  11  4 
⚲
466 965
15.02.2021 08:20:0045254
4  3  10  19  14  9  11  2  2 
⚲
465 135
15.02.2021 07:50:0045253
6  20  7  4  2  3  18  9  1 
⚲
461 715
15.02.2021 07:20:0045252
12  18  9  7  13  17  8  20  3 
⚲
461 595
15.02.2021 06:50:0045251
17  18  9  14  13  1  16  10  2 
⚲
461 685
15.02.2021 06:20:0045250
6  8  20  4  12  10  7  5  1 
⚲
460 755
15.02.2021 05:50:0045249
2  10  18  20  12  13  7  17  1 
⚲
459 975
15.02.2021 05:20:0045248
6  10  2  1  18  13  5  9  1 
⚲
458 325
15.02.2021 04:50:0045247
20  18  6  1  16  19  2  7  2 
⚲
457 395
15.02.2021 04:35:0045246
20  4  17  1  8  7  14  3  4 
⚲
457 215
15.02.2021 04:20:0045245
5  6  8  3  17  12  14  11  3 
⚲
456 675
15.02.2021 04:05:0045244
18  8  16  17  2  5  20  11  3 
⚲
455 775
15.02.2021 03:50:0045243
8  3  5  13  9  14  6  19  4 
⚲
455 655
15.02.2021 03:35:0045242
4  15  11  10  2  13  20  12  4 
⚲
455 205
15.02.2021 03:20:0045241
1  7  2  18  9  19  15  11  1 
⚲
454 395
15.02.2021 03:05:0045240
9  13  5  16  18  12  7  1  4 
⚲
454 305
15.02.2021 02:50:0045239
5  15  3  20  7  13  4  8  4 
⚲
453 345
15.02.2021 02:35:0045238
3  8  17  16  10  12  15  9  2 
⚲
452 175
15.02.2021 02:20:0045237
9  14  16  5  19  8  15  7  4 
⚲
451 785
февраль, 2021
15.02.2021 02:20:0045237
9  14  16  5  19  8  15  7  4 
⚲
451 785
15.02.2021 02:05:0045236
13  10  6  16  18  3  9  7  4 
⚲
450 585
15.02.2021 01:50:0045235
2  15  10  17  11  8  12  6  4 
⚲
451 215
15.02.2021 01:35:0045234
17  20  6  5  7  18  2  13  1 
⚲
450 675
15.02.2021 01:20:0045233
15  13  1  11  6  20  17  18  2 
⚲
448 935
15.02.2021 01:05:0045232
5  13  19  20  6  7  18  9  3 
⚲
449 775
15.02.2021 00:50:0045231
2  17  1  19  13  14  4  16  1 
⚲
450 435
15.02.2021 00:35:0045230
14  3  13  9  10  20  18  16  4 
⚲
449 055
15.02.2021 00:20:0045229
19  7  8  3  11  9  5  6  1 
⚲
448 995
15.02.2021 00:05:0045228
15  5  9  2  1  10  11  4  1 
⚲
448 785
14.02.2021 23:50:0045227
3  17  16  14  5  7  19  6  4 
⚲
447 825
14.02.2021 23:35:0045226
14  8  16  19  9  7  13  6  4 
⚲
447 135
14.02.2021 23:20:0045225
9  16  19  1  11  18  13  8  3 
⚲
446 805
14.02.2021 23:05:0045224
17  11  7  9  15  3  14  1  1 
⚲
453 105
14.02.2021 22:05:0045223
20  13  1  12  11  9  19  4  4 
⚲
450 135
14.02.2021 21:50:0045222
17  7  6  1  3  15  4  14  1 
⚲
450 465
14.02.2021 21:35:0045221
19  13  12  15  10  6  8  3  1 
⚲
448 695
14.02.2021 21:20:0045220
14  9  17  1  4  15  8  19  1 
⚲
448 035
14.02.2021 20:50:0045219
18  12  2  15  14  16  7  4  2 
⚲
448 155
14.02.2021 20:35:0045218
5  14  1  16  13  8  11  18  1 
⚲
445 065
14.02.2021 20:20:0045217
15  14  2  11  6  5  17  8  1 
⚲
445 485
14.02.2021 20:05:0045216
14  20  11  18  2  13  6  1  4 
⚲
441 195
14.02.2021 19:50:0045215
2  4  1  5  14  16  11  9  3 
⚲
439 725
14.02.2021 19:35:0045214
1  4  7  12  3  10  14  8  2 
⚲
433 425
14.02.2021 18:35:0045213
5  13  18  6  10  2  20  3  2 
⚲
431 025
14.02.2021 18:20:0045212
19  12  20  17  15  1  5  7  3 
⚲
431 325
14.02.2021 18:05:0045211
9  14  20  18  19  8  6  3  4 
⚲
430 845
14.02.2021 17:50:0045210
3  5  4  20  9  10  15  11  1 
⚲
427 875
14.02.2021 17:35:0045209
8  16  20  7  12  19  14  4  1 
⚲
425 565
14.02.2021 17:20:0045208
3  11  1  10  12  2  15  19  3 
⚲
423 045
14.02.2021 17:05:0045207
14  5  20  15  13  19  4  7  1 
⚲
419 835
14.02.2021 16:50:0045206
10  11  16  7  14  18  6  2  3 
⚲
416 265
14.02.2021 16:35:0045205
16  9  12  10  17  11  6  20  2 
⚲
415 875
14.02.2021 16:20:0045204
2  15  3  10  13  6  19  12  3 
⚲
418 725
14.02.2021 15:05:0045203
19  9  17  1  6  20  16  11  1 
⚲
413 895
14.02.2021 14:50:0045202
4  19  5  1  12  13  17  18  1 
⚲
410 985
14.02.2021 14:35:0045201
8  15  19  16  3  11  2  17  1 
⚲
408 735
14.02.2021 14:20:0045200
20  4  11  2  6  8  1  12  1 
⚲
411 585
14.02.2021 14:05:0045199
11  20  3  10  1  19  9  14  3 
⚲
410 415
14.02.2021 12:50:0045198
1  14  4  15  9  20  3  2  3 
⚲
403 815
14.02.2021 12:20:0045197
15  5  12  7  17  8  20  6  1 
⚲
407 595
14.02.2021 11:50:0045196
17  13  3  8  4  14  15  9  2 
⚲
407 655
14.02.2021 11:20:0045195
10  5  1  13  17  8  19  6  3 
⚲
412 875
14.02.2021 09:50:0045194
7  15  4  14  13  9  12  5  3 
⚲
410 115
14.02.2021 09:20:0045193
15  2  7  20  13  11  9  18  2 
⚲
419 445
14.02.2021 08:50:0045192
20  17  8  16  15  13  10  14  3 
⚲
418 395
14.02.2021 08:20:0045191
19  4  20  13  18  9  11  10  3 
⚲
415 125
14.02.2021 07:50:0045190
7  9  17  14  20  8  10  5  1 
⚲
414 135
14.02.2021 07:20:0045189
13  10  5  20  6  14  3  16  2 
⚲
413 535
14.02.2021 06:50:0045188
1  8  20  6  5  11  13  10  2 
⚲
413 625
февраль, 2021
14.02.2021 06:20:0045187
18  15  10  3  9  4  11  7  1 
⚲
413 715
14.02.2021 05:50:0045186
19  20  11  14  4  10  3  5  4 
⚲
413 415
14.02.2021 05:20:0045185
11  13  17  10  19  9  15  12  4 
⚲
412 755
14.02.2021 04:50:0045184
5  3  2  17  8  19  13  12  2 
⚲
412 215
14.02.2021 04:35:0045183
3  5  4  7  14  13  19  12  3 
⚲
411 855
14.02.2021 04:20:0045182
6  9  15  18  19  8  4  13  3 
⚲
413 175
14.02.2021 04:05:0045181
7  2  11  14  10  6  17  20  4 
⚲
412 605
14.02.2021 03:50:0045180
10  11  19  18  4  13  20  6  1 
⚲
412 095
14.02.2021 03:35:0045179
9  5  20  18  2  13  14  8  4 
⚲
411 315
14.02.2021 03:20:0045178
7  16  5  8  2  15  14  6  3 
⚲
410 445
14.02.2021 03:05:0045177
8  6  20  19  15  16  2  9  4 
⚲
409 725
14.02.2021 02:50:0045176
10  6  18  9  19  17  8  16  4 
⚲
410 295
14.02.2021 02:35:0045175
2  15  11  7  8  4  16  19  1 
⚲
409 095
14.02.2021 02:20:0045174
3  15  8  13  9  19  18  2  2 
⚲
410 235
14.02.2021 02:05:0045173
5  15  9  17  18  19  3  11  3 
⚲
409 455
14.02.2021 01:50:0045172
7  14  8  4  12  5  6  19  2 
⚲
411 945
14.02.2021 01:35:0045171
5  1  4  16  17  8  9  11  3 
⚲
409 395
14.02.2021 01:20:0045170
13  14  1  5  2  17  15  3  1 
⚲
408 285
14.02.2021 01:05:0045169
11  19  4  2  9  1  6  8  2 
⚲
408 465
14.02.2021 00:50:0045168
10  11  2  9  12  3  17  18  3 
⚲
408 255
14.02.2021 00:35:0045167
6  16  5  4  15  3  13  12  2 
⚲
405 795
14.02.2021 00:20:0045166
8  15  14  16  5  4  2  13  2 
⚲
406 545
14.02.2021 00:05:0045165
5  18  12  3  14  7  13  11  4 
⚲
405 945
13.02.2021 23:50:0045164
3  17  13  19  20  16  18  12  2 
⚲
404 805
13.02.2021 23:35:0045163
6  11  9  13  1  16  7  14  1 
⚲
403 935
13.02.2021 23:20:0045162
10  13  20  8  15  7  2  18  1 
⚲
405 615
13.02.2021 23:05:0045161
15  14  9  19  17  18  3  11  3 
⚲
407 565
13.02.2021 22:05:0045160
14  4  12  15  11  6  16  19  3 
⚲
410 295
13.02.2021 21:50:0045159
11  18  1  13  5  16  6  3  2 
⚲
407 205
13.02.2021 21:35:0045158
18  13  9  19  15  17  1  4  4 
⚲
405 825
13.02.2021 21:20:0045157
9  15  8  2  1  10  19  7  2 
⚲
402 315
13.02.2021 20:50:0045156
2  8  13  10  14  16  5  9  4 
⚲
403 365
13.02.2021 20:35:0045155
3  13  20  6  17  2  16  9  2 
⚲
405 735
13.02.2021 20:20:0045154
7  9  4  18  5  15  14  13  1 
⚲
403 695
13.02.2021 20:05:0045153
4  13  17  10  8  1  2  7  4 
⚲
402 015
13.02.2021 19:50:0045152
8  5  16  4  1  11  15  18  2 
⚲
400 425
13.02.2021 19:35:0045151
20  8  12  13  2  15  4  19  4 
⚲
398 895
13.02.2021 18:35:0045150
14  3  12  17  11  4  19  5  4 
⚲
395 205
13.02.2021 18:20:0045149
4  9  7  1  6  3  19  15  2 
⚲
392 385
13.02.2021 18:05:0045148
16  7  9  13  4  2  14  18  4 
⚲
395 205
13.02.2021 17:50:0045147
2  7  9  13  3  12  8  4  1 
⚲
394 335
13.02.2021 17:35:0045146
13  5  4  18  7  15  12  2  1 
⚲
393 225
13.02.2021 17:20:0045145
19  16  7  17  9  2  8  12  2 
⚲
392 325
13.02.2021 17:05:0045144
6  1  17  5  20  15  8  19  2 
⚲
391 905
13.02.2021 16:50:0045143
2  5  3  15  4  19  16  14  1 
⚲
389 385
13.02.2021 16:35:0045142
8  10  1  13  2  18  14  20  3 
⚲
386 685
13.02.2021 16:20:0045141
11  6  16  19  4  9  8  7  3 
⚲
384 405
13.02.2021 15:05:0045140
3  14  2  6  15  10  8  20  2 
⚲
386 235
13.02.2021 14:50:0045139
12  8  4  13  18  9  16  11  3 
⚲
385 365
13.02.2021 14:35:0045138
19  10  17  11  3  12  8  4  1 
⚲
383 355
февраль, 2021
13.02.2021 14:20:0045137
5  3  9  2  8  19  6  13  3 
⚲
384 885
13.02.2021 14:05:0045136
1  12  2  3  16  15  7  6  4 
⚲
372 615
13.02.2021 12:50:0045135
3  8  12  15  17  14  11  20  3 
⚲
367 755
13.02.2021 12:20:0045134
2  12  16  17  3  11  14  13  4 
⚲
364 425
13.02.2021 11:50:0045133
2  1  18  13  19  10  12  20  4 
⚲
361 155
13.02.2021 11:20:0045132
18  12  11  13  7  15  4  3  1 
⚲
357 765
13.02.2021 09:50:0045131
18  11  7  15  5  6  19  20  1 
⚲
355 515
13.02.2021 09:20:0045130
17  1  10  15  9  6  5  20  2 
⚲
353 745
13.02.2021 08:50:0045129
1  4  19  8  9  18  2  20  2 
⚲
351 405
13.02.2021 08:20:0045128
10  2  19  1  4  17  14  12  1 
⚲
349 335
13.02.2021 07:50:0045127
18  20  2  10  5  16  13  15  1 
⚲
349 245
13.02.2021 07:20:0045126
15  11  8  7  10  17  2  18  4 
⚲
348 705
13.02.2021 06:50:0045125
20  4  7  3  12  19  10  9  4 
⚲
349 185
13.02.2021 06:20:0045124
18  6  4  13  14  15  2  3  4 
⚲
346 785
13.02.2021 05:50:0045123
18  13  5  4  19  7  8  14  3 
⚲
348 465
13.02.2021 05:20:0045122
4  12  9  13  5  2  19  7  4 
⚲
346 335
13.02.2021 04:50:0045121
2  1  15  17  19  13  7  10  2 
⚲
348 015
13.02.2021 04:35:0045120
20  8  11  6  3  2  17  12  1 
⚲
348 495
13.02.2021 04:20:0045119
8  18  10  12  13  17  11  16  1 
⚲
346 785
13.02.2021 04:05:0045118
16  12  13  4  11  9  15  8  3 
⚲
347 595
13.02.2021 03:50:0045117
16  13  14  3  11  9  2  4  4 
⚲
345 465
13.02.2021 03:35:0045116
6  19  13  3  20  9  17  5  4 
⚲
346 425
13.02.2021 03:20:0045115
9  8  17  4  15  18  14  3  4 
⚲
346 515
13.02.2021 03:05:0045114
14  3  15  7  8  6  10  4  4 
⚲
346 005
13.02.2021 02:50:0045113
16  3  8  19  14  13  1  11  3 
⚲
346 515
13.02.2021 02:35:0045112
11  13  5  15  8  20  1  3  3 
⚲
347 445
13.02.2021 02:20:0045111
20  16  17  14  6  2  12  8  3 
⚲
350 655
13.02.2021 02:05:0045110
17  18  7  4  6  15  13  11  2 
⚲
349 005
13.02.2021 01:50:0045109
9  3  5  20  17  18  10  16  4 
⚲
348 255
13.02.2021 01:35:0045108
15  18  17  13  4  14  19  11  4 
⚲
347 715
13.02.2021 01:20:0045107
12  14  15  8  19  9  6  20  2 
⚲
347 655
13.02.2021 01:05:0045106
1  20  13  17  18  12  7  9  3 
⚲
346 935
13.02.2021 00:50:0045105
6  9  19  11  18  1  20  12  4 
⚲
343 995
13.02.2021 00:35:0045104
12  8  5  9  6  11  7  4  2 
⚲
342 975
13.02.2021 00:20:0045103
10  19  5  7  8  6  13  20  1 
⚲
343 485
13.02.2021 00:05:0045102
4  6  19  2  1  20  16  8  2 
⚲
340 935
12.02.2021 23:50:0045101
6  8  10  3  4  15  20  16  3 
⚲
342 645
12.02.2021 23:35:0045100
19  3  9  8  13  2  7  5  2 
⚲
343 695
12.02.2021 23:20:0045099
11  19  14  1  5  3  10  18  4 
⚲
339 075
12.02.2021 23:05:0045098
20  9  3  8  2  11  5  12  3 
⚲
336 915
12.02.2021 22:05:0045097
2  13  8  3  15  5  16  17  4 
⚲
337 575
12.02.2021 21:50:0045096
15  4  17  1  14  20  3  5  1 
⚲
331 815
12.02.2021 21:35:0045095
20  6  4  7  11  18  9  17  2 
⚲
331 005
12.02.2021 21:20:0045094
1  15  9  6  19  12  13  8  1 
⚲
327 075
12.02.2021 20:50:0045093
13  11  10  15  4  16  19  2  4 
⚲
324 645
12.02.2021 20:35:0045092
15  14  1  2  18  3  20  16  1 
⚲
322 035
12.02.2021 20:20:0045091
10  13  1  20  2  3  14  7  1 
⚲
319 485
12.02.2021 20:05:0045090
1  3  5  10  17  2  16  19  3 
⚲
318 105
12.02.2021 19:50:0045089
4  6  2  13  9  3  15  14  3 
⚲
316 515
12.02.2021 19:35:0045088
18  20  9  14  10  16  3  5  4 
⚲
316 875
февраль, 2021
12.02.2021 18:35:0045087
10  18  13  9  16  15  17  8  4 
⚲
317 805
12.02.2021 18:20:0045086
9  12  18  11  8  20  7  3  3 
⚲
316 635
12.02.2021 18:05:0045085
16  11  18  7  12  1  8  14  4 
⚲
320 055
12.02.2021 17:50:0045084
3  2  13  5  10  4  7  18  2 
⚲
317 865
12.02.2021 17:35:0045083
20  18  19  16  4  12  7  5  3 
⚲
314 535
12.02.2021 17:20:0045082
10  11  12  1  7  15  17  18  2 
⚲
312 315
12.02.2021 17:05:0045081
7  20  8  6  4  9  17  14  1 
⚲
309 795
12.02.2021 16:50:0045080
17  4  6  2  19  12  11  5  4 
⚲
308 415
12.02.2021 16:35:0045079
5  6  13  17  12  10  8  11  3 
⚲
307 095
12.02.2021 16:20:0045078
2  6  1  5  4  14  13  12  4 
⚲
298 965
12.02.2021 15:05:0045077
15  9  12  10  11  14  8  13  1 
⚲
296 925
12.02.2021 14:50:0045076
18  1  4  13  9  8  5  11  1 
⚲
294 825
12.02.2021 14:35:0045075
1  2  6  19  15  16  14  8  1 
⚲
293 325
12.02.2021 14:20:0045074
17  10  13  16  4  12  9  3  2 
⚲
290 325
12.02.2021 14:05:0045073
14  13  16  19  3  9  10  18  2 
⚲
293 955
12.02.2021 12:50:0045072
16  19  5  8  11  3  12  15  4 
⚲
291 825
12.02.2021 12:20:0045071
18  8  20  12  3  17  16  15  2 
⚲
297 345
12.02.2021 11:50:0045070
10  13  6  20  7  2  11  1  3 
⚲
292 965
12.02.2021 11:20:0045069
2  17  10  18  6  8  15  5  2 
⚲
297 855
12.02.2021 09:50:0045068
19  15  6  5  18  1  8  9  2 
⚲
293 625
12.02.2021 09:20:0045067
9  3  10  13  5  11  7  4  4 
⚲
292 965
12.02.2021 08:50:0045066
6  11  9  3  2  18  20  17  1 
⚲
290 385
12.02.2021 08:20:0045065
11  6  4  13  8  12  7  15  1 
⚲
290 145
12.02.2021 07:50:0045064
17  20  18  2  7  5  8  3  1 
⚲
288 315
12.02.2021 07:20:0045063
8  6  11  19  2  1  18  9  2 
⚲
286 305
12.02.2021 06:50:0045062
7  5  17  9  3  4  12  11  2 
⚲
287 595
12.02.2021 06:20:0045061
4  9  2  11  17  19  13  3  2 
⚲
288 855
12.02.2021 05:50:0045060
12  20  7  10  5  19  1  11  3 
⚲
287 145
12.02.2021 05:20:0045059
19  13  17  12  4  6  10  20  1 
⚲
286 935
12.02.2021 04:50:0045058
6  20  5  7  9  18  19  8  1 
⚲
286 215
12.02.2021 04:35:0045057
16  2  7  1  14  19  9  13  3 
⚲
285 375
12.02.2021 04:20:0045056
13  10  9  5  16  14  7  15  1 
⚲
286 455
12.02.2021 04:05:0045055
9  12  5  3  1  7  10  4  3 
⚲
285 825
12.02.2021 03:50:0045054
19  15  16  10  20  7  2  6  2 
⚲
286 245
12.02.2021 03:35:0045053
11  12  18  8  1  10  4  14  3 
⚲
286 785
12.02.2021 03:20:0045052
15  20  14  3  7  10  1  4  1 
⚲
286 515
12.02.2021 03:05:0045051
15  2  7  6  16  19  9  11  4 
⚲
285 945
12.02.2021 02:50:0045050
7  14  8  6  15  5  9  20  1 
⚲
284 655
12.02.2021 02:35:0045049
20  17  18  15  4  13  16  6  3 
⚲
283 455
12.02.2021 02:20:0045048
20  13  4  15  2  5  17  11  1 
⚲
285 075
12.02.2021 02:05:0045047
2  3  4  14  16  18  7  13  4 
⚲
285 435
12.02.2021 01:50:0045046
7  14  4  18  5  6  1  2  3 
⚲
283 185
12.02.2021 01:35:0045045
11  17  7  5  14  19  15  18  2 
⚲
284 385
12.02.2021 01:20:0045044
19  2  10  7  13  15  9  1  3 
⚲
283 755
12.02.2021 01:05:0045043
20  3  16  19  13  8  1  4  1 
⚲
283 275
12.02.2021 00:50:0045042
9  8  2  16  13  11  12  10  1 
⚲
282 345
12.02.2021 00:35:0045041
11  5  18  20  9  16  19  7  3 
⚲
284 655
12.02.2021 00:20:0045040
8  14  13  1  12  18  9  2  2 
⚲
282 105
12.02.2021 00:05:0045039
2  8  14  15  12  7  5  16  1 
⚲
279 375
11.02.2021 23:50:0045038
10  6  14  5  4  13  8  3  3 
⚲
278 295
февраль, 2021
11.02.2021 23:35:0045037
18  1  4  19  17  6  11  5  1 
⚲
277 185
11.02.2021 23:20:0045036
13  6  11  12  14  4  2  16  1 
⚲
273 705
11.02.2021 23:05:0045035
15  2  17  3  19  13  11  16  1 
⚲
268 245
11.02.2021 22:05:0045034
14  16  4  5  8  12  7  10  3 
⚲
267 105
11.02.2021 21:50:0045033
9  15  6  8  4  11  20  18  2 
⚲
264 915
11.02.2021 21:35:0045032
9  5  4  10  16  1  19  2  1 
⚲
262 605
11.02.2021 21:20:0045031
17  16  14  10  15  7  11  20  1 
⚲
258 435
11.02.2021 20:50:0045030
4  12  19  10  1  14  17  8  3 
⚲
256 845
11.02.2021 20:35:0045029
18  10  15  13  2  3  19  14  4 
⚲
254 145
11.02.2021 20:20:0045028
10  19  17  4  8  3  15  12  1 
⚲
252 465
11.02.2021 20:05:0045027
10  20  4  5  8  17  18  11  2 
⚲
250 785
11.02.2021 19:50:0045026
2  10  5  18  16  8  3  14  2 
⚲
249 495
11.02.2021 19:35:0045025
20  2  18  16  13  17  12  11  3 
⚲
246 735
11.02.2021 18:35:0045024
20  9  16  13  2  5  17  15  2 
⚲
246 825
11.02.2021 18:20:0045023
12  20  19  6  13  16  2  8  3 
⚲
248 055
11.02.2021 18:05:0045022
8  16  15  13  19  11  2  10  1 
⚲
248 265
11.02.2021 17:50:0045021
19  13  3  6  17  10  8  16  3 
⚲
248 955
11.02.2021 17:35:0045020
10  17  2  12  15  16  1  14  4 
⚲
247 515
11.02.2021 17:20:0045019
4  10  18  9  15  20  7  8  3 
⚲
246 825
11.02.2021 17:05:0045018
12  8  14  19  1  16  4  11  1 
⚲
250 665
11.02.2021 16:50:0045017
18  3  14  9  1  17  10  15  4 
⚲
248 265
11.02.2021 16:35:0045016
10  7  16  20  6  2  3  8  3 
⚲
245 265
11.02.2021 16:20:0045015
8  16  15  5  20  14  4  2  1 
⚲
241 935
11.02.2021 15:05:0045014
4  15  3  7  9  2  19  11  3 
⚲
243 435
11.02.2021 14:50:0045013
11  10  18  8  20  1  15  5  2 
⚲
240 015
11.02.2021 14:35:0045012
9  6  16  7  2  20  5  4  4 
⚲
239 265
11.02.2021 14:20:0045011
12  1  7  19  10  13  14  11  4 
⚲
239 265
11.02.2021 14:05:0045010
11  12  2  9  20  15  1  14  2 
⚲
233 775
11.02.2021 12:50:0045009
16  10  13  6  3  12  18  11  1 
⚲
228 885
11.02.2021 12:20:0045008
18  5  2  8  10  3  17  16  2 
⚲
229 095
11.02.2021 11:50:0045007
2  5  7  18  12  6  4  15  3 
⚲
228 165
11.02.2021 11:20:0045006
11  20  8  7  15  1  5  19  2 
⚲
225 255
11.02.2021 09:50:0045005
9  6  13  1  10  16  15  18  2 
⚲
222 225
11.02.2021 09:20:0045004
14  20  9  17  1  18  15  16  1 
⚲
220 005
11.02.2021 08:50:0045003
15  12  10  8  17  2  1  11  1 
⚲
220 395
11.02.2021 08:20:0045002
7  20  8  19  11  9  16  15  3 
⚲
218 655
11.02.2021 07:50:0045001
14  4  10  20  8  1  17  5  3 
⚲
219 765
11.02.2021 07:20:0045000
5  1  3  18  13  4  10  12  2 
⚲
217 005
11.02.2021 06:50:0044999
14  16  18  6  1  9  10  15  4 
⚲
214 185
11.02.2021 06:20:0044998
1  9  6  20  13  2  7  10  3 
⚲
211 845
11.02.2021 05:50:0044997
11  19  8  5  16  6  17  14  4 
⚲
210 105
11.02.2021 05:20:0044996
17  1  10  8  11  18  2  5  1 
⚲
211 185
11.02.2021 04:50:0044995
8  5  20  4  14  3  9  12  1 
⚲
210 255
11.02.2021 04:35:0044994
13  11  10  15  8  19  9  5  3 
⚲
212 895
11.02.2021 04:20:0044993
20  15  5  11  13  4  14  17  4 
⚲
214 515
11.02.2021 04:05:0044992
2  5  4  6  13  15  9  10  3 
⚲
214 455
11.02.2021 03:50:0044991
8  1  5  11  15  7  9  20  2 
⚲
214 485
11.02.2021 03:35:0044990
13  10  3  4  1  7  5  18  4 
⚲
214 335
11.02.2021 03:20:0044989
13  12  4  14  10  7  2  8  2 
⚲
213 735
11.02.2021 03:05:0044988
9  16  13  14  18  17  7  1  4 
⚲
213 285
февраль, 2021
11.02.2021 02:50:0044987
15  8  12  1  16  4  18  19  1 
⚲
214 125
11.02.2021 02:35:0044986
17  6  15  4  2  10  16  13  2 
⚲
213 015
11.02.2021 02:20:0044985
5  3  17  1  7  19  20  2  2 
⚲
212 355
11.02.2021 02:05:0044984
17  20  14  2  12  18  13  4  1 
⚲
212 445
11.02.2021 01:50:0044983
14  6  2  8  7  10  9  16  4 
⚲
212 535
11.02.2021 01:35:0044982
9  13  2  5  3  6  7  1  3 
⚲
212 295
11.02.2021 01:20:0044981
11  15  4  2  20  12  6  1  4 
⚲
211 395
11.02.2021 01:05:0044980
20  15  10  4  9  19  3  12  2 
⚲
210 855
11.02.2021 00:50:0044979
2  7  15  12  4  18  14  10  2 
⚲
210 405
11.02.2021 00:35:0044978
4  18  14  3  20  8  15  12  1 
⚲
209 025
11.02.2021 00:20:0044977
11  6  14  19  15  12  13  5  3 
⚲
208 545
11.02.2021 00:05:0044976
20  2  11  7  14  17  10  5  1 
⚲
208 335
10.02.2021 23:50:0044975
3  15  5  7  9  17  13  2  3 
⚲
211 035
10.02.2021 23:35:0044974
3  15  14  20  2  10  16  17  2 
⚲
208 845
10.02.2021 23:20:0044973
2  12  16  14  19  3  11  10  1 
⚲
206 355
10.02.2021 23:05:0044972
16  19  9  13  1  6  4  15  4 
⚲
200 175
10.02.2021 22:05:0044971
4  2  3  6  13  18  1  16  3 
⚲
200 000
10.02.2021 21:50:0044970
5  20  19  13  15  18  9  4  1 
⚲
200 000
10.02.2021 21:35:0044969
15  9  5  19  1  8  6  17  3 
⚲
200 000
10.02.2021 21:20:0044968
17  2  13  6  12  16  19  15  1 
⚲
200 000
10.02.2021 20:50:0044967
9  10  14  18  1  16  12  20  1 
⚲
200 000
10.02.2021 20:35:0044966
8  7  5  10  3  11  6  16  3 
⚲
200 000
10.02.2021 20:20:0044965
5  13  6  11  7  2  4  18  2 
⚲
200 000
10.02.2021 20:05:0044964
5  12  13  20  2  17  1  6  4 
⚲
200 000
10.02.2021 19:50:0044963
6  18  20  3  9  8  2  17  1 
⚲
200 000
10.02.2021 19:35:0044962
20  1  19  14  10  8  18  15  1 
⚲
200 000
10.02.2021 18:35:0044961
7  13  6  11  5  8  9  20  2 
⚲
200 000
10.02.2021 18:20:0044960
5  8  17  16  4  15  7  20  1 
⚲
200 000
10.02.2021 18:05:0044959
10  12  19  1  16  14  17  11  3 
⚲
200 000
10.02.2021 17:50:0044958
5  4  15  20  3  13  7  17  1 
⚲
200 000
10.02.2021 17:35:0044957
2  19  20  13  8  1  7  3  1 
⚲
200 000
10.02.2021 17:20:0044956
15  3  14  8  2  17  16  9  4 
⚲
200 000
10.02.2021 17:05:0044955
3  16  19  17  4  15  20  18  4 
⚲
200 000
10.02.2021 16:50:0044954
8  2  7  15  16  11  19  9  2 
⚲
200 000
10.02.2021 16:35:0044953
9  8  4  20  6  7  18  13  1 
⚲
200 000
10.02.2021 16:20:0044952
6  16  20  15  5  12  13  2  1 
⚲
200 000
10.02.2021 15:05:0044951
13  14  10  18  16  4  1  15  2 
⚲
200 000
10.02.2021 14:50:0044950
20  12  15  3  9  16  10  1  3 
⚲
200 000
10.02.2021 14:35:0044949
16  20  1  12  7  6  14  19  2 
⚲
200 000
10.02.2021 14:20:0044948
8  19  15  9  6  11  18  13  1 
⚲
200 000
10.02.2021 14:05:0044947
3  16  1  4  6  5  13  7  3 
⚲
200 000
10.02.2021 12:50:0044946
6  17  16  9  10  20  11  19  4 
⚲
200 000
10.02.2021 12:20:0044945
5  6  9  16  19  8  20  3  1 
⚲
200 000
10.02.2021 11:50:0044944
3  17  4  14  1  2  11  8  1 
⚲
200 000
10.02.2021 11:20:0044943
18  10  12  20  7  8  2  11  4 
⚲
200 000
10.02.2021 09:50:0044942
5  14  4  2  19  16  11  9  2 
⚲
200 000
10.02.2021 09:20:0044941
3  19  2  4  1  6  7  10  4 
⚲
200 000
10.02.2021 08:50:0044940
19  9  10  11  1  13  15  20  2 
⚲
200 000
10.02.2021 08:20:0044939
3  16  11  14  17  10  7  20  3 
⚲
200 000
10.02.2021 07:50:0044938
4  13  2  11  8  10  5  6  4 
⚲
200 000
февраль, 2021
10.02.2021 07:20:0044937
6  12  11  14  17  19  4  5  1 
⚲
200 000
10.02.2021 06:50:0044936
13  4  10  16  20  9  18  17  2 
⚲
200 000
10.02.2021 06:20:0044935
18  8  20  2  9  10  5  3  3 
⚲
200 000
10.02.2021 05:50:0044934
1  2  12  18  9  13  15  5  4 
⚲
200 000
10.02.2021 05:20:0044933
9  8  1  17  2  7  15  11  3 
⚲
200 000
10.02.2021 04:50:0044932
14  6  13  8  1  17  19  11  1 
⚲
200 000
10.02.2021 04:35:0044931
13  5  8  9  2  16  14  18  2 
⚲
200 000
10.02.2021 04:20:0044930
8  10  16  4  19  1  13  15  3 
⚲
200 000
10.02.2021 04:05:0044929
17  8  7  1  2  19  11  14  3 
⚲
200 000
10.02.2021 03:50:0044928
15  1  2  7  12  20  6  11  1 
⚲
200 000
10.02.2021 03:35:0044927
13  5  4  8  12  7  10  11  2 
⚲
200 000
10.02.2021 03:20:0044926
11  3  20  7  16  18  14  5  2 
⚲
200 000
10.02.2021 03:05:0044925
2  11  4  17  14  16  18  19  2 
⚲
200 000
10.02.2021 02:50:0044924
19  20  9  16  12  14  15  11  3 
⚲
200 000
10.02.2021 02:35:0044923
8  2  6  5  12  18  20  1  1 
⚲
200 000
10.02.2021 02:20:0044922
5  7  18  2  3  13  10  20  2 
⚲
200 000
10.02.2021 02:05:0044921
4  15  12  16  8  9  7  5  1 
⚲
200 000
10.02.2021 01:50:0044920
2  19  15  5  11  6  7  9  2 
⚲
200 000
10.02.2021 01:35:0044919
16  3  7  11  9  15  1  14  2 
⚲
200 000
10.02.2021 01:20:0044918
16  2  14  19  4  5  18  8  1 
⚲
200 000
10.02.2021 01:05:0044917
17  3  9  13  1  2  11  5  3 
⚲
200 000
10.02.2021 00:50:0044916
14  1  12  10  15  17  5  18  1 
⚲
200 000
10.02.2021 00:35:0044915
3  12  20  15  17  19  18  4  4 
⚲
200 000
10.02.2021 00:20:0044914
16  4  1  13  18  5  6  17  2 
⚲
200 000
10.02.2021 00:05:0044913
8  19  20  17  5  13  7  14  2 
⚲
200 000
09.02.2021 23:50:0044912
8  10  11  20  5  3  19  13  3 
⚲
200 000
09.02.2021 23:35:0044911
11  9  19  14  17  16  10  15  2 
⚲
200 000
09.02.2021 23:20:0044910
14  15  7  13  5  11  17  8  1 
⚲
200 000
09.02.2021 23:05:0044909
10  17  19  14  20  13  1  7  4 
⚲
200 000
09.02.2021 22:05:0044908
7  9  13  6  4  10  1  12  1 
⚲
200 000
09.02.2021 21:50:0044907
8  13  5  1  3  2  9  11  4 
⚲
200 000
09.02.2021 21:35:0044906
18  20  14  8  9  13  19  1  4 
⚲
200 000
09.02.2021 21:20:0044905
19  15  16  17  10  20  6  5  3 
⚲
200 000
09.02.2021 20:50:0044904
2  11  3  7  4  17  16  19  1 
⚲
200 000
09.02.2021 20:35:0044903
7  16  19  3  2  4  8  15  1 
⚲
200 000
09.02.2021 20:20:0044902
19  3  2  6  18  12  10  11  4 
⚲
200 000
09.02.2021 20:05:0044901
11  6  10  20  2  4  3  14  2 
⚲
200 000
09.02.2021 19:50:0044900
15  14  1  7  5  10  11  4  2 
⚲
200 000
09.02.2021 19:35:0044899
1  15  17  11  2  8  4  16  4 
⚲
200 000
09.02.2021 18:35:0044898
11  6  10  13  3  8  14  18  1 
⚲
200 000
09.02.2021 18:20:0044897
7  2  1  14  15  4  3  8  4 
⚲
200 000
09.02.2021 18:05:0044896
13  16  3  7  2  18  20  1  1 
⚲
200 000
09.02.2021 17:50:0044895
1  19  15  18  20  12  4  13  3 
⚲
200 000
09.02.2021 17:35:0044894
6  9  1  16  19  15  5  11  3 
⚲
200 000
09.02.2021 17:20:0044893
4  13  18  19  1  8  2  9  2 
⚲
200 000
09.02.2021 17:05:0044892
6  20  10  1  3  8  2  4  1 
⚲
200 000
09.02.2021 16:50:0044891
20  15  10  18  3  7  16  8  4 
⚲
200 000
09.02.2021 16:35:0044890
13  1  15  14  4  11  2  19  2 
⚲
200 000
09.02.2021 16:20:0044889
20  3  5  12  4  18  8  16  4 
⚲
200 000
09.02.2021 15:05:0044888
3  7  8  2  16  15  19  12  1 
⚲
200 000
февраль, 2021
09.02.2021 14:50:0044887
7  17  9  4  13  16  15  20  1 
⚲
200 000
09.02.2021 14:35:0044886
8  17  20  10  13  4  7  16  2 
⚲
200 000
09.02.2021 14:20:0044885
9  1  7  20  17  12  8  3  1 
⚲
200 000
09.02.2021 14:05:0044884
3  8  1  17  18  11  7  6  3 
⚲
200 000
09.02.2021 12:50:0044883
4  20  16  8  14  13  19  12  3 
⚲
200 000
09.02.2021 12:20:0044882
12  2  15  16  17  1  5  10  2 
⚲
200 000
09.02.2021 11:50:0044881
10  19  1  12  2  6  3  16  1 
⚲
200 000
09.02.2021 11:20:0044880
2  20  13  17  9  3  16  1  1 
⚲
200 000
09.02.2021 09:50:0044879
8  2  7  9  19  5  13  11  4 
⚲
200 000
09.02.2021 09:20:0044878
7  14  8  9  2  18  20  11  3 
⚲
200 000
09.02.2021 08:50:0044877
16  7  12  4  6  10  11  3  1 
⚲
200 000
09.02.2021 08:20:0044876
17  14  19  7  5  3  18  20  3 
⚲
200 000
09.02.2021 07:50:0044875
2  14  17  20  9  18  10  4  3 
⚲
200 000
09.02.2021 07:20:0044874
3  17  2  8  6  11  15  10  1 
⚲
200 000
09.02.2021 06:50:0044873
20  4  6  11  10  15  2  1  2 
⚲
200 000
09.02.2021 06:20:0044872
12  10  16  15  19  17  7  4  1 
⚲
200 000
09.02.2021 05:50:0044871
18  10  2  13  17  11  12  20  4 
⚲
200 000
09.02.2021 05:20:0044870
15  5  3  14  2  17  4  16  4 
⚲
200 000
09.02.2021 04:50:0044869
14  12  19  18  16  9  13  10  2 
⚲
200 000
09.02.2021 04:35:0044868
9  14  10  11  1  7  4  17  3 
⚲
200 000
09.02.2021 04:20:0044867
15  11  6  19  2  20  7  13  2 
⚲
200 000
09.02.2021 04:05:0044866
15  17  12  5  18  11  13  19  3 
⚲
200 000
09.02.2021 03:50:0044865
7  4  6  1  15  16  20  14  3 
⚲
200 000
09.02.2021 03:35:0044864
17  16  7  14  13  20  19  11  1 
⚲
200 000
09.02.2021 03:20:0044863
2  19  13  12  15  14  9  17  3 
⚲
200 000
09.02.2021 03:05:0044862
4  19  8  13  18  20  14  7  4 
⚲
200 000
09.02.2021 02:50:0044861
20  1  2  18  12  6  9  16  3 
⚲
200 000
09.02.2021 02:35:0044860
9  3  19  13  8  20  14  1  1 
⚲
200 000
09.02.2021 02:20:0044859
16  1  9  2  15  18  7  19  2 
⚲
200 000
09.02.2021 02:05:0044858
3  16  13  18  11  6  2  7  1 
⚲
200 000
09.02.2021 01:50:0044857
15  5  17  1  9  3  4  20  3 
⚲
200 000
09.02.2021 01:35:0044856
4  12  11  8  1  19  16  5  2 
⚲
200 000
09.02.2021 01:20:0044855
14  5  13  17  15  20  11  16  4 
⚲
200 000
09.02.2021 01:05:0044854
1  5  8  11  12  16  3  13  4 
⚲
200 000
09.02.2021 00:50:0044853
19  11  14  20  9  17  15  10  3 
⚲
200 000
09.02.2021 00:35:0044852
14  2  3  17  4  6  7  12  2 
⚲
200 000
09.02.2021 00:20:0044851
12  2  20  7  5  3  15  1  1 
⚲
200 000
09.02.2021 00:05:0044850
8  5  11  18  17  9  13  4  4 
⚲
200 000
08.02.2021 23:50:0044849
6  3  19  16  12  9  7  18  2 
⚲
200 000
08.02.2021 23:35:0044848
12  14  11  20  10  3  8  16  4 
⚲
200 000
08.02.2021 23:20:0044847
9  8  12  7  17  5  19  10  1 
⚲
200 000
08.02.2021 23:05:0044846
5  19  2  15  8  9  4  1  4 
⚲
200 000
08.02.2021 22:05:0044845
20  2  17  1  7  9  4  11  1 
⚲
200 000
08.02.2021 21:50:0044844
20  9  19  6  16  4  1  10  2 
⚲
200 000
08.02.2021 21:35:0044843
18  6  13  3  12  19  10  11  4 
⚲
200 000
08.02.2021 21:20:0044842
4  1  6  19  14  10  18  11  2 
⚲
200 000
08.02.2021 20:50:0044841
14  5  1  15  10  9  19  3  2 
⚲
200 000
08.02.2021 20:35:0044840
10  18  13  7  4  17  1  15  1 
⚲
200 000
08.02.2021 20:20:0044839
3  15  14  13  11  8  2  5  1 
⚲
200 000
08.02.2021 20:05:0044838
16  13  6  4  20  19  12  9  3 
⚲
200 000
февраль, 2021
08.02.2021 19:50:0044837
14  17  8  18  19  3  12  20  4 
⚲
200 000
08.02.2021 19:35:0044836
11  16  13  9  5  2  7  18  1 
⚲
200 000
08.02.2021 18:35:0044835
8  15  14  4  11  5  10  12  2 
⚲
200 000
08.02.2021 18:20:0044834
12  1  11  6  3  15  18  2  3 
⚲
200 000
08.02.2021 18:05:0044833
16  8  10  17  6  13  1  5  2 
⚲
200 000
08.02.2021 17:50:0044832
19  9  2  15  8  17  10  13  4 
⚲
200 000
08.02.2021 17:35:0044831
3  2  16  4  9  8  15  6  3 
⚲
200 000
08.02.2021 17:20:0044830
2  4  5  6  10  13  1  14  3 
⚲
200 000
08.02.2021 17:05:0044829
10  12  9  2  5  6  18  1  3 
⚲
200 000
08.02.2021 16:50:0044828
1  17  3  16  12  11  5  4  1 
⚲
200 000
08.02.2021 16:35:0044827
15  16  20  10  19  5  6  17  3 
⚲
200 000
08.02.2021 16:20:0044826
3  16  2  20  10  1  18  13  1 
⚲
200 000
08.02.2021 15:05:0044825
9  11  8  3  19  20  4  12  3 
⚲
200 000
08.02.2021 14:50:0044824
1  20  16  13  9  3  14  2  3 
⚲
200 000
08.02.2021 14:35:0044823
9  3  1  8  19  7  13  11  2 
⚲
200 000
08.02.2021 14:20:0044822
6  17  18  3  8  10  5  11  2 
⚲
200 000
08.02.2021 14:05:0044821
1  18  3  4  17  13  14  11  2 
⚲
200 000
08.02.2021 12:50:0044820
19  3  2  8  9  6  16  4  4 
⚲
200 000
08.02.2021 12:20:0044819
20  12  4  19  10  5  17  1  2 
⚲
200 000
08.02.2021 11:50:0044818
3  4  12  9  11  18  8  17  1 
⚲
200 000
08.02.2021 11:20:0044817
15  16  13  14  18  19  12  5  2 
⚲
200 000
08.02.2021 09:50:0044816
19  18  1  4  11  7  10  16  1 
⚲
200 000
08.02.2021 09:20:0044815
12  19  3  1  5  10  16  11  4 
⚲
200 000
08.02.2021 08:50:0044814
8  14  6  5  15  3  7  13  2 
⚲
200 000
08.02.2021 08:20:0044813
19  3  2  4  5  13  8  9  3 
⚲
200 000
08.02.2021 07:50:0044812
14  10  4  2  12  11  7  19  4 
⚲
200 000
08.02.2021 07:20:0044811
6  11  7  13  18  3  5  17  3 
⚲
200 000
08.02.2021 06:50:0044810
13  4  12  1  10  15  18  7  4 
⚲
200 000
08.02.2021 06:20:0044809
7  17  1  10  8  11  13  12  3 
⚲
200 000
08.02.2021 05:50:0044808
9  14  13  5  1  17  6  8  4 
⚲
200 000
08.02.2021 05:20:0044807
6  5  10  9  12  13  18  14  3 
⚲
200 000
08.02.2021 04:50:0044806
9  17  12  10  13  7  6  4  3 
⚲
200 000
08.02.2021 04:35:0044805
5  8  6  15  7  20  4  2  4 
⚲
200 000
08.02.2021 04:20:0044804
18  8  17  12  19  7  10  2  2 
⚲
200 000
08.02.2021 04:05:0044803
1  16  15  12  3  11  9  7  1 
⚲
200 000
08.02.2021 03:50:0044802
2  17  3  19  8  1  13  7  1 
⚲
200 000
08.02.2021 03:35:0044801
2  10  15  9  7  6  20  17  4 
⚲
200 000
08.02.2021 03:20:0044800
9  7  18  10  5  6  4  19  3 
⚲
200 000
08.02.2021 03:05:0044799
6  17  10  12  2  19  14  16  1 
⚲
200 000
08.02.2021 02:50:0044798
4  17  18  8  16  3  19  7  4 
⚲
200 000
08.02.2021 02:35:0044797
10  19  13  1  5  9  16  3  4 
⚲
200 000
08.02.2021 02:20:0044796
18  15  5  17  1  3  6  19  3 
⚲
200 000
08.02.2021 02:05:0044795
5  2  8  12  15  17  6  1  3 
⚲
200 000
08.02.2021 01:50:0044794
17  3  10  14  12  7  5  19  4 
⚲
200 000
08.02.2021 01:35:0044793
16  14  15  5  4  13  3  12  3 
⚲
200 000
08.02.2021 01:20:0044792
14  3  7  18  5  2  4  20  4 
⚲
200 000
08.02.2021 01:05:0044791
8  17  2  11  3  9  5  13  4 
⚲
200 000
08.02.2021 00:50:0044790
11  3  14  16  9  1  6  8  4 
⚲
200 000
08.02.2021 00:35:0044789
2  12  8  4  15  16  13  9  2 
⚲
200 000
08.02.2021 00:20:0044788
1  11  17  19  4  10  20  8  2 
⚲
200 000
февраль, 2021
08.02.2021 00:05:0044787
18  11  9  7  2  14  5  12  4 
⚲
100 000
07.02.2021 23:50:0044786
19  10  20  11  3  12  14  2  3 
⚲
100 000
07.02.2021 23:35:0044785
1  4  18  20  17  2  14  11  1 
⚲
100 000
07.02.2021 23:20:0044784
1  20  4  17  5  19  13  8  4 
⚲
100 000
07.02.2021 23:05:0044783
5  17  2  4  8  15  18  14  3 
⚲
100 000
07.02.2021 22:05:0044782
8  3  2  20  5  10  19  9  1 
⚲
100 000
07.02.2021 21:50:0044781
16  5  8  19  2  6  12  15  4 
⚲
100 000
07.02.2021 21:35:0044780
15  19  7  6  20  5  17  10  3 
⚲
100 000
07.02.2021 21:20:0044779
20  12  14  13  11  7  3  15  4 
⚲
100 000
07.02.2021 20:50:0044778
19  3  13  6  1  4  7  5  4 
⚲
100 000
07.02.2021 20:35:0044777
15  18  2  10  19  8  7  3  4 
⚲
100 000
07.02.2021 20:20:0044776
13  8  4  10  20  7  5  11  1 
⚲
100 000
07.02.2021 20:05:0044775
16  6  14  13  10  7  5  4  2 
⚲
100 000
07.02.2021 19:50:0044774
8  16  12  7  9  5  19  10  3 
⚲
100 000
07.02.2021 19:35:0044773
5  19  16  4  8  14  11  10  4 
⚲
100 000
07.02.2021 18:35:0044772
9  19  7  17  14  3  15  1  3 
⚲
100 000
07.02.2021 18:20:0044771
17  9  10  3  15  11  7  18  2 
⚲
100 000
07.02.2021 18:05:0044770
18  14  20  2  10  17  6  8  2 
⚲
100 000
07.02.2021 17:50:0044769
18  14  7  1  3  9  12  5  1 
⚲
100 000
07.02.2021 17:35:0044768
11  13  14  10  9  20  18  6  3 
⚲
100 000
07.02.2021 17:20:0044767
2  18  8  15  14  6  3  9  3 
⚲
100 000
07.02.2021 17:05:0044766
19  18  7  3  5  4  1  11  4 
⚲
100 000
07.02.2021 16:50:0044765
20  1  14  18  19  11  5  9  2 
⚲
100 000
07.02.2021 16:35:0044764
5  9  15  3  14  13  6  11  2 
⚲
100 000
07.02.2021 16:20:0044763
13  9  8  15  2  20  11  5  1 
⚲
100 000
07.02.2021 15:05:0044762
14  3  18  16  15  4  9  12  4 
⚲
100 000
07.02.2021 14:50:0044761
7  4  12  20  3  14  17  11  1 
⚲
100 000
07.02.2021 14:35:0044760
15  18  19  5  7  17  12  4  3 
⚲
100 000
07.02.2021 14:20:0044759
5  16  7  12  10  19  8  15  2 
⚲
100 000
07.02.2021 14:05:0044758
20  15  18  8  6  7  1  10  1 
⚲
100 000
07.02.2021 12:50:0044757
11  3  8  18  9  17  15  2  2 
⚲
100 000
07.02.2021 12:20:0044756
17  3  6  13  8  14  5  1  2 
⚲
100 000
07.02.2021 11:50:0044755
4  19  20  12  2  11  1  9  2 
⚲
100 000
07.02.2021 11:20:0044754
19  20  13  12  7  18  2  14  4 
⚲
100 000
07.02.2021 09:50:0044753
6  1  17  4  12  5  14  15  2 
⚲
100 000
07.02.2021 09:20:0044752
13  3  9  10  17  20  8  16  4 
⚲
100 000
07.02.2021 08:50:0044751
5  19  3  2  12  18  8  4  3 
⚲
100 000
07.02.2021 08:20:0044750
19  7  8  11  1  13  3  9  3 
⚲
100 000
07.02.2021 07:50:0044749
9  3  13  11  12  20  17  15  3 
⚲
100 000
07.02.2021 07:20:0044748
12  2  4  10  11  3  5  6  4 
⚲
100 000
07.02.2021 06:50:0044747
13  11  2  19  1  20  4  3  2 
⚲
100 000
07.02.2021 06:20:0044746
20  16  9  14  4  12  13  17  4 
⚲
100 000
07.02.2021 05:50:0044745
3  18  14  4  8  6  9  12  3 
⚲
100 000
07.02.2021 05:20:0044744
14  16  2  9  13  15  20  17  3 
⚲
100 000
07.02.2021 04:50:0044743
4  10  1  18  15  7  12  17  1 
⚲
100 000
07.02.2021 04:35:0044742
1  16  19  7  2  10  18  20  2 
⚲
100 000
07.02.2021 04:20:0044741
16  14  9  15  1  2  13  12  4 
⚲
100 000
07.02.2021 04:05:0044740
16  4  6  1  13  5  20  14  4 
⚲
100 000
07.02.2021 03:50:0044739
12  6  14  15  13  3  16  9  1 
⚲
100 000
07.02.2021 03:35:0044738
19  10  12  5  16  2  8  13  2 
⚲
100 000
февраль, 2021
07.02.2021 03:20:0044737
18  3  14  20  7  11  12  10  3 
⚲
100 000
07.02.2021 03:05:0044736
19  10  18  2  16  13  6  8  3 
⚲
100 000
07.02.2021 02:50:0044735
3  1  9  2  14  17  15  7  1 
⚲
100 000
07.02.2021 02:35:0044734
19  15  12  10  4  11  20  8  3 
⚲
100 000
07.02.2021 02:20:0044733
14  19  6  16  17  20  4  5  4 
⚲
100 000
07.02.2021 02:05:0044732
4  16  19  5  1  11  18  15  4 
⚲
100 000
07.02.2021 01:50:0044731
12  15  1  3  11  14  9  13  1 
⚲
100 000
07.02.2021 01:35:0044730
19  10  5  20  18  8  12  2  3 
⚲
100 000
07.02.2021 01:20:0044729
4  13  17  16  1  14  15  7  3 
⚲
100 000
07.02.2021 01:05:0044728
12  13  3  16  4  6  19  17  4 
⚲
100 000
07.02.2021 00:50:0044727
8  5  18  13  15  3  20  17  1 
⚲
100 000
07.02.2021 00:35:0044726
20  1  7  17  18  8  14  4  3 
⚲
100 000
07.02.2021 00:20:0044725
3  10  14  2  18  6  8  15  1 
⚲
разыгран 1 073 670
07.02.2021 00:05:0044724
14  13  17  2  15  12  7  8  2 
⚲
1 132 635
06.02.2021 23:50:0044723
16  14  12  19  17  4  7  5  2 
⚲
1 131 840
06.02.2021 23:35:0044722
19  4  3  1  10  9  11  8  2 
⚲
1 130 535
06.02.2021 23:20:0044721
18  16  10  15  20  4  12  8  2 
⚲
1 129 260
06.02.2021 23:05:0044720
2  14  16  20  7  6  1  10  1 
⚲
1 119 090
06.02.2021 22:05:0044719
13  10  12  7  19  1  4  2  3 
⚲
1 115 340
06.02.2021 21:50:0044718
18  4  13  3  7  6  9  19  4 
⚲
1 111 545
06.02.2021 21:35:0044717
3  9  13  7  20  5  18  14  1 
⚲
1 110 345
06.02.2021 21:20:0044716
8  17  13  15  14  7  18  20  1 
⚲
1 103 145
06.02.2021 20:50:0044715
10  1  15  5  14  3  6  20  1 
⚲
1 097 715
06.02.2021 20:35:0044714
9  6  15  10  5  7  17  3  4 
⚲
1 103 115
06.02.2021 20:20:0044713
8  15  16  9  19  2  13  20  3 
⚲
1 101 645
06.02.2021 20:05:0044712
15  11  7  10  17  8  5  14  1 
⚲
1 103 955
06.02.2021 19:50:0044711
5  20  17  13  14  8  15  11  1 
⚲
1 102 560
06.02.2021 19:35:0044710
12  10  16  13  17  19  14  5  3 
⚲
1 099 965
06.02.2021 18:35:0044709
17  15  11  5  2  14  18  1  4 
⚲
1 094 445
06.02.2021 18:20:0044708
20  11  15  9  13  16  8  6  2 
⚲
1 092 720
06.02.2021 18:05:0044707
20  19  18  17  1  11  14  5  4 
⚲
1 087 035
06.02.2021 17:50:0044706
13  15  7  18  20  12  2  16  2 
⚲
1 089 990
06.02.2021 17:35:0044705
9  5  20  17  8  12  14  3  4 
⚲
1 090 965
06.02.2021 17:20:0044704
17  9  14  6  10  4  3  16  3 
⚲
1 091 610
06.02.2021 17:05:0044703
6  3  15  5  13  12  18  19  1 
⚲
1 089 135
06.02.2021 16:50:0044702
18  8  13  17  16  7  3  19  4 
⚲
1 087 050
06.02.2021 16:35:0044701
19  11  16  9  4  15  8  6  1 
⚲
1 086 795
06.02.2021 16:20:0044700
16  14  12  13  19  11  1  15  2 
⚲
1 051 815
06.02.2021 15:05:0044699
18  8  10  5  12  14  15  1  3 
⚲
1 045 410
06.02.2021 14:50:0044698
20  3  14  11  8  12  19  9  2 
⚲
1 043 385
06.02.2021 14:35:0044697
15  17  19  16  12  7  10  11  2 
⚲
1 037 340
06.02.2021 14:20:0044696
19  9  11  12  14  8  18  17  2 
⚲
1 031 430
06.02.2021 14:05:0044695
15  20  16  10  9  7  14  12  4 
⚲
1 010 220
06.02.2021 12:50:0044694
4  20  3  11  2  12  17  5  2 
⚲
1 004 280
06.02.2021 12:20:0044693
1  4  3  12  9  2  20  15  4 
⚲
996 600
06.02.2021 11:50:0044692
13  8  12  7  18  9  20  4  3 
⚲
994 905
06.02.2021 11:20:0044691
9  2  18  10  4  1  12  17  4 
⚲
981 315
06.02.2021 09:50:0044690
4  5  13  3  14  20  16  1  2 
⚲
978 720
06.02.2021 09:20:0044689
4  13  7  18  1  12  2  17  3 
⚲
973 305
06.02.2021 08:50:0044688
19  4  2  9  15  20  13  11  4 
⚲
955 080
февраль, 2021
06.02.2021 08:20:0044687
12  9  6  1  11  8  17  7  2 
⚲
955 755
06.02.2021 07:50:0044686
11  7  15  2  13  6  19  14  1 
⚲
956 535
06.02.2021 07:20:0044685
18  8  19  17  1  14  9  3  2 
⚲
930 135
06.02.2021 06:50:0044684
8  12  16  14  7  9  10  1  3 
⚲
927 375
06.02.2021 06:20:0044683
3  18  13  6  2  20  9  17  4 
⚲
913 860
06.02.2021 05:50:0044682
20  8  1  11  10  13  2  9  1 
⚲
948 120
06.02.2021 05:20:0044681
16  20  6  9  17  3  18  4  3 
⚲
986 310
06.02.2021 04:50:0044680
5  4  3  2  14  17  19  11  2 
⚲
990 105
06.02.2021 04:35:0044679
11  12  15  17  2  19  13  7  1 
⚲
989 520
06.02.2021 04:20:0044678
20  15  4  7  16  19  8  13  2 
⚲
989 355
06.02.2021 04:05:0044677
7  10  5  11  13  17  3  16  4 
⚲
990 060
06.02.2021 03:50:0044676
8  14  20  15  7  19  11  16  2 
⚲
988 305
06.02.2021 03:35:0044675
5  1  8  15  13  7  3  2  3 
⚲
989 310
06.02.2021 03:20:0044674
18  17  8  5  3  10  1  16  3 
⚲
991 905
06.02.2021 03:05:0044673
4  15  12  19  18  20  13  16  3 
⚲
990 495
06.02.2021 02:50:0044672
14  16  1  17  6  7  4  3  3 
⚲
990 405
06.02.2021 02:35:0044671
5  2  18  20  6  13  11  7  2 
⚲
990 510
06.02.2021 02:20:0044670
19  1  13  9  12  8  10  15  3 
⚲
989 055
06.02.2021 02:05:0044669
11  14  2  13  20  4  18  3  3 
⚲
988 440
06.02.2021 01:50:0044668
1  18  7  19  20  9  17  13  4 
⚲
987 330
06.02.2021 01:35:0044667
16  4  7  9  19  13  6  18  1 
⚲
983 295
06.02.2021 01:20:0044666
3  18  14  10  2  8  16  6  1 
⚲
983 070
06.02.2021 01:05:0044665
5  13  4  11  15  12  3  17  4 
⚲
982 395
06.02.2021 00:50:0044664
1  9  19  14  16  4  13  20  3 
⚲
979 815
06.02.2021 00:35:0044663
17  4  5  9  13  2  20  7  4 
⚲
982 425
06.02.2021 00:20:0044662
18  10  14  15  11  1  2  5  2 
⚲
981 270
06.02.2021 00:05:0044661
18  20  5  2  15  16  17  3  1 
⚲
977 400
05.02.2021 23:50:0044660
20  17  9  15  10  19  6  2  3 
⚲
974 130
05.02.2021 23:35:0044659
17  12  3  5  8  7  10  13  3 
⚲
977 145
05.02.2021 23:20:0044658
9  20  16  11  17  4  7  15  4 
⚲
974 745
05.02.2021 23:05:0044657
14  4  13  9  16  11  18  2  3 
⚲
976 155
05.02.2021 22:05:0044656
18  12  19  1  15  6  5  7  3 
⚲
973 500
05.02.2021 21:50:0044655
4  5  2  14  8  9  18  13  4 
⚲
974 880
05.02.2021 21:35:0044654
5  13  12  15  18  19  3  1  1 
⚲
970 620
05.02.2021 21:20:0044653
18  14  13  7  10  6  17  15  2 
⚲
966 780
05.02.2021 20:50:0044652
20  11  1  2  18  4  19  5  3 
⚲
964 695
05.02.2021 20:35:0044651
8  11  7  18  20  17  14  12  1 
⚲
960 060
05.02.2021 20:20:0044650
4  14  12  1  5  3  17  8  1 
⚲
959 865
05.02.2021 20:05:0044649
18  20  19  15  2  11  12  1  4 
⚲
951 420
05.02.2021 19:50:0044648
4  5  6  18  12  19  10  8  2 
⚲
949 815
05.02.2021 19:35:0044647
10  3  14  18  12  19  16  7  4 
⚲
942 120
05.02.2021 18:35:0044646
19  2  10  9  16  5  7  14  3 
⚲
941 070
05.02.2021 18:20:0044645
1  10  6  19  7  20  13  11  4 
⚲
938 715
05.02.2021 18:05:0044644
13  15  18  19  3  1  16  8  2 
⚲
937 305
05.02.2021 17:50:0044643
3  9  1  20  11  16  14  17  2 
⚲
932 850
05.02.2021 17:35:0044642
14  16  5  11  18  6  7  8  4 
⚲
934 050
05.02.2021 17:20:0044641
8  20  3  6  9  2  7  11  1 
⚲
931 815
05.02.2021 17:05:0044640
17  5  9  10  7  3  8  16  1 
⚲
929 580
05.02.2021 16:50:0044639
18  7  2  8  20  16  11  6  4 
⚲
926 145
05.02.2021 16:35:0044638
8  18  17  13  15  16  10  14  2 
⚲
921 045
февраль, 2021
05.02.2021 16:20:0044637
4  5  10  19  1  14  2  8  1 
⚲
914 100
05.02.2021 15:05:0044636
20  5  7  16  11  4  13  6  1 
⚲
913 200
05.02.2021 14:50:0044635
7  2  16  5  1  20  18  13  3 
⚲
908 685
05.02.2021 14:35:0044634
18  11  4  10  7  15  3  9  2 
⚲
907 485
05.02.2021 14:20:0044633
3  18  14  2  16  1  13  17  4 
⚲
901 860
05.02.2021 14:05:0044632
12  14  18  15  17  6  9  7  4 
⚲
891 465
05.02.2021 12:50:0044631
17  8  4  16  19  10  11  14  4 
⚲
887 970
05.02.2021 12:20:0044630
14  19  10  18  9  6  11  17  1 
⚲
882 285
05.02.2021 11:50:0044629
2  11  19  15  7  1  13  12  4 
⚲
877 080
05.02.2021 11:20:0044628
1  7  2  8  10  19  5  11  3 
⚲
868 605
05.02.2021 09:50:0044627
12  8  14  2  9  16  17  3  2 
⚲
896 415
05.02.2021 09:20:0044626
10  2  19  9  14  18  16  7  2 
⚲
895 260
05.02.2021 08:50:0044625
17  13  12  10  14  6  5  16  1 
⚲
890 175
05.02.2021 08:20:0044624
5  1  19  8  9  6  4  20  3 
⚲
888 750
05.02.2021 07:50:0044623
7  1  6  12  14  10  11  5  4 
⚲
884 265
05.02.2021 07:20:0044622
17  11  16  3  2  12  4  10  1 
⚲
878 805
05.02.2021 06:50:0044621
10  8  13  1  16  5  11  20  2 
⚲
877 050
05.02.2021 06:20:0044620
4  1  18  3  2  8  17  19  4 
⚲
876 780
05.02.2021 05:50:0044619
10  11  5  3  2  6  13  20  4 
⚲
875 970
05.02.2021 05:20:0044618
5  6  14  2  10  4  18  17  3 
⚲
873 630
05.02.2021 04:50:0044617
7  17  4  20  2  1  14  12  4 
⚲
872 565
05.02.2021 04:35:0044616
2  11  13  4  8  15  19  6  3 
⚲
873 990
05.02.2021 04:20:0044615
16  6  3  13  8  10  17  5  2 
⚲
875 295
05.02.2021 04:05:0044614
6  5  11  7  19  4  9  3  2 
⚲
874 545
05.02.2021 03:50:0044613
13  11  14  17  1  6  16  8  2 
⚲
874 845
05.02.2021 03:35:0044612
17  13  2  16  18  15  19  1  4 
⚲
872 925
05.02.2021 03:20:0044611
5  17  20  9  12  14  1  6  1 
⚲
872 085
05.02.2021 03:05:0044610
14  16  8  13  1  7  5  9  4 
⚲
871 200
05.02.2021 02:50:0044609
8  5  3  20  15  1  12  13  1 
⚲
873 510
05.02.2021 02:35:0044608
1  18  15  3  5  13  11  9  4 
⚲
873 300
05.02.2021 02:20:0044607
6  7  3  5  15  10  20  17  4 
⚲
871 620
05.02.2021 02:05:0044606
3  16  8  6  4  20  12  19  3 
⚲
872 160
05.02.2021 01:50:0044605
8  3  15  5  4  17  1  12  2 
⚲
875 970
05.02.2021 01:35:0044604
2  19  4  13  20  10  18  16  4 
⚲
875 460
05.02.2021 01:20:0044603
1  15  19  2  4  10  7  12  2 
⚲
875 355
05.02.2021 01:05:0044602
7  14  16  11  8  5  19  1  2 
⚲
874 245
05.02.2021 00:50:0044601
5  14  20  13  4  6  9  7  3 
⚲
877 050
05.02.2021 00:35:0044600
5  18  13  7  17  12  9  20  2 
⚲
878 895
05.02.2021 00:20:0044599
2  14  4  11  1  15  8  7  2 
⚲
877 380
05.02.2021 00:05:0044598
8  5  1  18  15  11  17  16  1 
⚲
875 100
04.02.2021 23:50:0044597
13  8  4  19  6  14  1  16  2 
⚲
874 995
04.02.2021 23:35:0044596
18  11  8  2  16  20  1  3  4 
⚲
871 140
04.02.2021 23:20:0044595
13  3  18  6  4  2  19  9  4 
⚲
865 410
04.02.2021 23:05:0044594
11  17  6  1  10  2  3  16  2 
⚲
857 460
04.02.2021 22:05:0044593
4  12  13  8  6  1  9  18  3 
⚲
855 885
04.02.2021 21:50:0044592
9  18  3  1  17  2  7  6  1 
⚲
851 640
04.02.2021 21:35:0044591
9  20  18  11  7  10  4  1  1 
⚲
848 850
04.02.2021 21:20:0044590
8  12  10  2  19  5  1  3  3 
⚲
850 815
04.02.2021 20:50:0044589
3  9  1  11  4  20  12  8  1 
⚲
846 075
04.02.2021 20:35:0044588
1  3  15  12  17  11  10  6  1 
⚲
841 590
февраль, 2021
04.02.2021 20:20:0044587
18  12  7  3  15  9  17  16  4 
⚲
839 580
04.02.2021 20:05:0044586
5  20  2  7  18  17  14  8  2 
⚲
841 755
04.02.2021 19:50:0044585
14  1  11  9  12  19  4  17  2 
⚲
838 170
04.02.2021 19:35:0044584
10  13  19  12  1  14  6  18  4 
⚲
823 155
04.02.2021 18:35:0044583
1  20  13  16  2  11  18  12  2 
⚲
819 345
04.02.2021 18:20:0044582
8  2  3  12  13  11  16  14  3 
⚲
817 275
04.02.2021 18:05:0044581
13  9  2  19  8  15  10  18  1 
⚲
809 940
04.02.2021 17:50:0044580
4  3  7  15  8  1  20  18  2 
⚲
812 235
04.02.2021 17:35:0044579
5  15  11  9  6  7  17  16  4 
⚲
811 425
04.02.2021 17:20:0044578
12  1  15  3  6  18  4  20  2 
⚲
806 835
04.02.2021 17:05:0044577
5  20  6  11  3  17  1  12  3 
⚲
803 925
04.02.2021 16:50:0044576
7  14  15  13  3  12  4  20  4 
⚲
797 655
04.02.2021 16:35:0044575
17  11  5  6  8  3  13  19  2 
⚲
798 060
04.02.2021 16:20:0044574
6  20  11  18  8  2  9  16  4 
⚲
824 355
04.02.2021 15:05:0044573
1  5  15  17  11  13  19  14  1 
⚲
821 250
04.02.2021 14:50:0044572
5  16  2  8  9  19  4  12  2 
⚲
821 790
04.02.2021 14:35:0044571
10  18  16  13  14  15  4  19  4 
⚲
812 610
04.02.2021 14:20:0044570
18  8  15  5  20  16  10  11  2 
⚲
810 150
04.02.2021 14:05:0044569
2  3  10  4  9  20  8  17  3 
⚲
804 420
04.02.2021 12:50:0044568
9  11  14  18  1  4  20  5  1 
⚲
800 415
04.02.2021 12:20:0044567
11  12  1  4  7  14  3  18  1 
⚲
791 820
04.02.2021 11:50:0044566
13  18  2  4  19  14  12  15  4 
⚲
784 800
04.02.2021 11:20:0044565
15  3  19  17  2  10  1  5  4 
⚲
784 950
04.02.2021 09:50:0044564
12  8  20  6  7  5  4  14  3 
⚲
787 125
04.02.2021 09:20:0044563
5  4  12  14  9  10  13  20  3 
⚲
782 970
04.02.2021 08:50:0044562
15  17  8  14  10  20  4  11  3 
⚲
778 860
04.02.2021 08:20:0044561
2  13  20  11  12  16  3  5  1 
⚲
774 600
04.02.2021 07:50:0044560
8  18  2  7  4  5  12  15  2 
⚲
776 670
04.02.2021 07:20:0044559
1  7  13  8  14  17  20  9  1 
⚲
774 705
04.02.2021 06:50:0044558
5  13  11  1  3  2  9  6  2 
⚲
773 625
04.02.2021 06:20:0044557
20  1  6  4  15  9  14  17  2 
⚲
769 635
04.02.2021 05:50:0044556
15  13  14  4  2  19  7  10  4 
⚲
770 280
04.02.2021 05:20:0044555
19  5  11  14  16  6  8  2  4 
⚲
770 595
04.02.2021 04:50:0044554
7  12  17  10  9  8  16  13  1 
⚲
771 240
04.02.2021 04:35:0044553
8  17  11  10  19  20  5  18  4 
⚲
770 670
04.02.2021 04:20:0044552
8  18  14  2  1  12  6  17  2 
⚲
771 000
04.02.2021 04:05:0044551
6  12  4  2  19  18  7  10  2 
⚲
772 770
04.02.2021 03:50:0044550
9  14  4  18  20  5  3  13  1 
⚲
770 610
04.02.2021 03:35:0044549
4  3  5  7  2  13  6  16  4 
⚲
770 670
04.02.2021 03:20:0044548
20  19  16  17  6  12  3  4  3 
⚲
769 965
04.02.2021 03:05:0044547
17  13  12  10  9  3  4  6  2 
⚲
769 365
04.02.2021 02:50:0044546
4  18  2  5  17  14  11  19  2 
⚲
768 225
04.02.2021 02:35:0044545
16  5  20  13  19  11  3  8  1 
⚲
767 460
04.02.2021 02:20:0044544
2  18  10  4  6  13  5  9  3 
⚲
765 945
04.02.2021 02:05:0044543
10  11  14  15  9  12  2  4  2 
⚲
765 240
04.02.2021 01:50:0044542
12  15  20  9  6  7  10  1  3 
⚲
765 960
04.02.2021 01:35:0044541
13  19  18  5  7  14  15  16  4 
⚲
765 555
04.02.2021 01:20:0044540
11  18  3  2  15  12  14  16  1 
⚲
763 530
04.02.2021 01:05:0044539
5  1  20  15  12  3  4  6  1 
⚲
762 675
04.02.2021 00:50:0044538
2  13  5  19  20  10  15  16  3 
⚲
762 960
февраль, 2021
04.02.2021 00:35:0044537
8  5  9  14  16  4  6  19  1 
⚲
760 875
04.02.2021 00:20:0044536
6  5  13  2  7  3  18  15  1 
⚲
760 110
04.02.2021 00:05:0044535
19  7  5  17  9  20  3  13  1 
⚲
761 910
03.02.2021 23:50:0044534
7  14  1  6  3  15  2  12  4 
⚲
760 185
03.02.2021 23:35:0044533
13  3  12  18  17  6  9  16  2 
⚲
761 205
03.02.2021 23:20:0044532
17  2  7  14  11  13  6  15  2 
⚲
760 335
03.02.2021 23:05:0044531
20  15  3  8  6  13  17  18  4 
⚲
758 715
03.02.2021 22:05:0044530
6  16  2  19  1  18  8  4  3 
⚲
757 035
03.02.2021 21:50:0044529
18  20  7  1  2  4  12  15  2 
⚲
753 750
03.02.2021 21:35:0044528
4  14  16  7  9  19  17  13  4 
⚲
754 755
03.02.2021 21:20:0044527
20  8  1  3  4  17  14  10  1 
⚲
745 065
03.02.2021 20:50:0044526
3  12  17  2  1  8  13  5  1 
⚲
741 360
03.02.2021 20:35:0044525
13  8  14  9  4  19  7  6  1 
⚲
753 585
03.02.2021 20:20:0044524
6  5  10  9  8  17  15  13  1 
⚲
750 315
03.02.2021 20:05:0044523
16  20  14  8  9  17  12  2  3 
⚲
746 550
03.02.2021 19:50:0044522
2  6  5  12  8  15  11  19  4 
⚲
745 770
03.02.2021 19:35:0044521
12  7  8  20  6  17  5  14  4 
⚲
747 225
03.02.2021 18:35:0044520
14  7  9  1  6  5  2  19  1 
⚲
744 090
03.02.2021 18:20:0044519
7  4  19  2  3  17  9  12  1 
⚲
742 680
03.02.2021 18:05:0044518
13  7  15  20  3  14  1  16  3 
⚲
739 575
03.02.2021 17:50:0044517
6  17  10  5  4  14  16  12  3 
⚲
737 310
03.02.2021 17:35:0044516
13  3  12  15  6  14  19  2  1 
⚲
733 275
03.02.2021 17:20:0044515
11  10  9  2  5  15  18  3  4 
⚲
731 715
03.02.2021 17:05:0044514
1  15  2  17  3  5  9  20  2 
⚲
729 960
03.02.2021 16:50:0044513
2  8  9  1  13  17  16  5  2 
⚲
730 170
03.02.2021 16:35:0044512
4  7  1  8  11  19  17  14  4 
⚲
731 250
03.02.2021 16:20:0044511
4  13  6  11  18  1  15  17  4 
⚲
719 835
03.02.2021 15:05:0044510
20  2  3  14  6  7  5  18  1 
⚲
717 360
03.02.2021 14:50:0044509
11  3  20  4  1  9  13  8  3 
⚲
719 085
03.02.2021 14:35:0044508
6  3  7  4  14  13  2  12  4 
⚲
717 000
03.02.2021 14:20:0044507
10  11  3  8  12  1  15  7  2 
⚲
715 200
03.02.2021 14:05:0044506
11  2  13  1  20  4  12  9  3 
⚲
709 695
03.02.2021 12:50:0044505
15  3  14  1  7  6  19  10  2 
⚲
705 270
03.02.2021 12:20:0044504
8  3  18  10  15  19  1  2  2 
⚲
702 165
03.02.2021 11:50:0044503
4  5  15  2  13  10  9  6  4 
⚲
695 040
03.02.2021 11:20:0044502
15  1  2  19  9  13  10  8  4 
⚲
685 035
03.02.2021 09:50:0044501
13  17  4  2  11  14  7  8  2 
⚲
685 065
03.02.2021 09:20:0044500
2  11  4  16  20  5  19  17  2 
⚲
682 320
03.02.2021 08:50:0044499
6  12  1  3  14  2  13  17  4 
⚲
678 255
03.02.2021 08:20:0044498
5  3  4  2  7  14  9  20  3 
⚲
680 175
03.02.2021 07:50:0044497
18  1  17  12  11  3  8  6  2 
⚲
682 440
03.02.2021 07:20:0044496
3  13  17  2  15  18  12  14  2 
⚲
681 405
03.02.2021 06:50:0044495
10  19  5  18  8  1  6  9  2 
⚲
682 065
03.02.2021 06:20:0044494
13  5  9  19  17  7  1  16  4 
⚲
679 590
03.02.2021 05:50:0044493
6  3  8  10  1  11  14  5  3 
⚲
679 065
03.02.2021 05:20:0044492
1  2  3  5  12  6  14  10  4 
⚲
679 140
03.02.2021 04:50:0044491
8  19  20  4  7  1  15  17  3 
⚲
681 555
03.02.2021 04:35:0044490
20  5  8  10  13  3  15  2  3 
⚲
680 940
03.02.2021 04:20:0044489
4  7  11  20  1  13  15  16  1 
⚲
683 340
03.02.2021 04:05:0044488
18  16  10  8  2  19  9  13  2 
⚲
683 010
февраль, 2021
03.02.2021 03:50:0044487
18  13  19  15  9  17  14  2  3 
⚲
681 915
03.02.2021 03:35:0044486
12  20  4  2  9  3  13  6  2 
⚲
681 060
03.02.2021 03:20:0044485
17  1  12  3  19  2  14  13  4 
⚲
679 455
03.02.2021 03:05:0044484
18  5  1  7  6  2  19  13  2 
⚲
678 345
03.02.2021 02:50:0044483
2  3  1  4  15  8  17  13  3 
⚲
678 945
03.02.2021 02:35:0044482
17  15  13  2  3  9  12  11  1 
⚲
677 745
03.02.2021 02:20:0044481
5  4  14  10  13  9  15  11  4 
⚲
675 840
03.02.2021 02:05:0044480
5  7  19  11  9  17  16  13  1 
⚲
674 025
03.02.2021 01:50:0044479
1  15  4  2  8  13  17  11  2 
⚲
672 105
03.02.2021 01:35:0044478
4  6  12  15  1  11  14  8  1 
⚲
671 115
03.02.2021 01:20:0044477
12  2  9  18  3  13  15  8  1 
⚲
671 910
03.02.2021 01:05:0044476
6  20  15  4  8  11  13  3  1 
⚲
671 610
03.02.2021 00:50:0044475
8  12  16  20  19  9  11  1  4 
⚲
670 305
03.02.2021 00:35:0044474
18  10  3  20  1  8  14  13  1 
⚲
667 980
03.02.2021 00:20:0044473
16  11  8  5  6  1  4  18  2 
⚲
669 345
03.02.2021 00:05:0044472
16  15  5  12  2  4  7  11  2 
⚲
667 650
02.02.2021 23:50:0044471
4  20  2  11  15  14  10  12  1 
⚲
666 465
02.02.2021 23:35:0044470
5  19  8  6  17  7  1  16  1 
⚲
664 560
02.02.2021 23:20:0044469
15  11  12  10  16  7  2  8  1 
⚲
661 350
02.02.2021 23:05:0044468
14  10  8  3  19  1  7  4  2 
⚲
659 535
02.02.2021 22:05:0044467
13  17  3  4  9  16  8  10  1 
⚲
656 190
02.02.2021 21:50:0044466
11  19  14  1  9  10  8  15  4 
⚲
656 715
02.02.2021 21:35:0044465
10  11  8  9  20  19  3  14  1 
⚲
654 690
02.02.2021 21:20:0044464
10  9  8  12  20  11  5  1  2 
⚲
654 615
02.02.2021 20:50:0044463
16  19  10  3  15  4  18  9  3 
⚲
652 875
02.02.2021 20:35:0044462
9  16  1  10  11  7  5  15  2 
⚲
652 695
02.02.2021 20:20:0044461
7  17  19  5  16  20  13  10  2 
⚲
648 615
02.02.2021 20:05:0044460
3  20  12  6  19  10  4  11  3 
⚲
644 010
02.02.2021 19:50:0044459
10  5  20  3  8  6  4  9  1 
⚲
641 295
02.02.2021 19:35:0044458
16  20  11  8  14  10  9  19  3 
⚲
635 085
02.02.2021 18:35:0044457
13  19  4  3  9  10  11  5  2 
⚲
631 950
02.02.2021 18:20:0044456
18  9  3  4  14  11  15  13  3 
⚲
630 990
02.02.2021 18:05:0044455
13  14  8  9  17  16  2  5  2 
⚲
629 115
02.02.2021 17:50:0044454
20  12  4  17  2  13  14  1  4 
⚲
624 045
02.02.2021 17:35:0044453
1  5  9  6  15  16  20  3  1 
⚲
623 745
02.02.2021 17:20:0044452
1  11  2  4  3  5  16  12  2 
⚲
620 595
02.02.2021 17:05:0044451
6  7  8  12  11  19  9  13  4 
⚲
618 885
02.02.2021 16:50:0044450
13  8  4  12  15  5  17  10  2 
⚲
616 545
02.02.2021 16:35:0044449
13  4  8  20  17  7  11  9  4 
⚲
614 640
02.02.2021 16:20:0044448
20  1  10  6  8  11  3  7  3 
⚲
620 130
02.02.2021 15:05:0044447
2  7  19  12  3  15  20  6  3 
⚲
619 530
02.02.2021 14:50:0044446
13  19  3  10  2  16  6  17  3 
⚲
618 540
02.02.2021 14:35:0044445
10  18  3  20  6  1  5  8  2 
⚲
623 700
02.02.2021 14:20:0044444
18  11  2  1  19  3  4  9  4 
⚲
619 650
02.02.2021 14:05:0044443
12  3  1  19  20  16  4  11  4 
⚲
605 085
02.02.2021 12:50:0044442
8  20  1  14  6  7  5  12  4 
⚲
601 290
02.02.2021 12:20:0044441
4  9  20  17  2  5  8  6  2 
⚲
600 615
02.02.2021 11:50:0044440
18  7  2  1  11  4  3  19  4 
⚲
600 435
02.02.2021 11:20:0044439
4  17  2  14  5  12  15  11  3 
⚲
596 655
02.02.2021 09:50:0044438
18  20  6  11  7  1  5  16  1 
⚲
591 015
февраль, 2021
02.02.2021 09:20:0044437
6  10  5  7  11  8  4  1  1 
⚲
588 525
02.02.2021 08:50:0044436
18  12  15  19  4  3  9  20  4 
⚲
587 940
02.02.2021 08:20:0044435
16  18  5  6  15  9  1  17  2 
⚲
584 205
02.02.2021 07:50:0044434
5  18  16  19  11  12  6  15  4 
⚲
583 635
02.02.2021 07:20:0044433
20  17  2  7  6  18  13  9  1 
⚲
581 565
02.02.2021 06:50:0044432
15  16  18  9  1  11  19  7  1 
⚲
580 455
02.02.2021 06:20:0044431
20  9  17  14  12  15  3  18  4 
⚲
579 960
02.02.2021 05:50:0044430
11  1  20  12  10  6  16  19  3 
⚲
577 095
02.02.2021 05:20:0044429
17  12  11  1  4  2  13  3  3 
⚲
574 785
02.02.2021 04:50:0044428
2  7  17  16  19  1  3  20  4 
⚲
572 640
02.02.2021 04:35:0044427
3  18  8  19  15  7  13  1  2 
⚲
573 195
02.02.2021 04:20:0044426
1  2  12  7  11  9  4  16  3 
⚲
573 285
02.02.2021 04:05:0044425
17  13  6  12  19  3  9  16  1 
⚲
571 710
02.02.2021 03:50:0044424
1  18  6  20  11  5  15  13  2 
⚲
570 300
02.02.2021 03:35:0044423
2  15  6  8  9  3  18  4  3 
⚲
571 980
02.02.2021 03:20:0044422
20  10  14  8  17  15  3  16  4 
⚲
570 255
02.02.2021 03:05:0044421
15  8  20  17  1  6  3  9  3 
⚲
570 765
02.02.2021 02:50:0044420
20  14  9  12  17  15  13  5  2 
⚲
571 110
02.02.2021 02:35:0044419
11  20  3  9  18  1  14  19  1 
⚲
568 635
02.02.2021 02:20:0044418
4  16  18  5  15  1  2  14  1 
⚲
567 495
02.02.2021 02:05:0044417
8  13  10  1  2  3  14  11  2 
⚲
567 090
02.02.2021 01:50:0044416
13  7  14  9  5  15  1  8  1 
⚲
565 695
02.02.2021 01:35:0044415
2  4  19  14  12  9  1  13  4 
⚲
563 190
02.02.2021 01:20:0044414
20  7  14  8  3  1  18  2  4 
⚲
562 080
02.02.2021 01:05:0044413
20  7  4  14  3  19  17  2  3 
⚲
561 375
02.02.2021 00:50:0044412
4  16  3  15  8  19  1  18  4 
⚲
558 990
02.02.2021 00:35:0044411
4  9  12  13  16  10  15  7  3 
⚲
556 935
02.02.2021 00:20:0044410
19  17  18  20  10  1  11  9  4 
⚲
554 415
02.02.2021 00:05:0044409
8  4  9  11  2  6  5  19  2 
⚲
556 410
01.02.2021 23:50:0044408
10  16  7  15  1  5  12  20  2 
⚲
558 090
01.02.2021 23:35:0044407
3  4  6  19  1  8  5  9  3 
⚲
559 995
01.02.2021 23:20:0044406
16  12  5  13  8  9  20  3  2 
⚲
560 550
01.02.2021 23:05:0044405
6  5  2  11  14  17  7  1  1 
⚲
555 960
01.02.2021 22:05:0044404
12  3  14  18  15  11  20  7  2 
⚲
553 605
01.02.2021 21:50:0044403
2  18  15  7  4  12  6  10  2 
⚲
553 365
01.02.2021 21:35:0044402
3  20  4  10  12  16  1  15  4 
⚲
550 785
01.02.2021 21:20:0044401
15  13  1  12  9  14  18  4  2 
⚲
543 075
01.02.2021 20:50:0044400
4  1  5  18  9  14  20  13  4 
⚲
536 565
01.02.2021 20:35:0044399
13  6  5  17  9  2  1  10  1 
⚲
533 145
01.02.2021 20:20:0044398
10  7  6  9  14  1  3  4  2 
⚲
531 615
01.02.2021 20:05:0044397
14  8  5  7  1  10  12  6  4 
⚲
528 075
01.02.2021 19:50:0044396
13  19  14  7  18  6  8  4  1 
⚲
528 120
01.02.2021 19:35:0044395
12  16  3  7  15  17  8  2  3 
⚲
553 560
01.02.2021 18:35:0044394
20  3  13  9  1  6  16  11  4 
⚲
553 455
01.02.2021 18:20:0044393
15  19  8  14  7  12  18  2  1 
⚲
550 860
01.02.2021 18:05:0044392
3  9  10  19  20  7  4  14  1 
⚲
546 840
01.02.2021 17:50:0044391
10  16  19  9  13  20  6  5  2 
⚲
543 495
01.02.2021 17:35:0044390
1  17  19  11  4  5  6  14  4 
⚲
541 935
01.02.2021 17:20:0044389
3  5  20  16  15  10  13  18  4 
⚲
539 685
01.02.2021 17:05:0044388
17  14  12  18  16  3  20  13  1 
⚲
532 155
февраль, 2021
01.02.2021 16:50:0044387
13  7  14  3  4  6  16  8  2 
⚲
533 340
01.02.2021 16:35:0044386
17  18  5  16  7  14  6  19  1 
⚲
528 450
01.02.2021 16:20:0044385
8  9  16  7  4  3  10  20  2 
⚲
526 920
01.02.2021 15:05:0044384
8  10  14  15  16  18  19  7  4 
⚲
524 700
01.02.2021 14:50:0044383
20  15  2  17  5  18  7  12  4 
⚲
525 525
01.02.2021 14:35:0044382
11  19  13  14  8  7  20  6  4 
⚲
524 160
01.02.2021 14:20:0044381
14  2  3  12  10  15  7  17  4 
⚲
521 025
01.02.2021 14:05:0044380
18  1  20  8  7  2  12  6  3 
⚲
520 065
01.02.2021 12:50:0044379
6  4  20  8  3  9  5  18  1 
⚲
521 160
01.02.2021 12:20:0044378
6  8  12  18  11  5  3  2  1 
⚲
520 500
01.02.2021 11:50:0044377
1  10  20  13  17  11  2  18  1 
⚲
512 130
01.02.2021 11:20:0044376
19  13  17  11  2  4  6  8  2 
⚲
541 620
01.02.2021 09:50:0044375
18  2  14  9  13  20  6  11  4 
⚲
538 320
01.02.2021 09:20:0044374
12  19  8  1  18  14  2  16  4 
⚲
534 120
01.02.2021 08:50:0044373
4  18  7  10  5  6  12  17  3 
⚲
528 615
01.02.2021 08:20:0044372
9  13  11  17  19  18  4  5  3 
⚲
528 030
01.02.2021 07:50:0044371
12  15  8  13  6  9  19  14  2 
⚲
522 645
01.02.2021 07:20:0044370
19  2  3  7  20  13  5  10  2 
⚲
525 165
01.02.2021 06:50:0044369
7  9  16  3  2  12  10  14  2 
⚲
525 990
01.02.2021 06:20:0044368
16  18  10  12  13  15  1  3  3 
⚲
522 975
01.02.2021 05:50:0044367
15  7  20  5  8  1  11  16  4 
⚲
522 840
01.02.2021 05:20:0044366
4  8  6  20  14  2  7  19  3 
⚲
522 720
01.02.2021 04:50:0044365
3  2  20  17  16  15  12  6  2 
⚲
521 265
01.02.2021 04:35:0044364
14  19  1  5  2  20  17  8  2 
⚲
520 635
01.02.2021 04:20:0044363
13  20  5  8  2  11  16  12  4 
⚲
520 755
01.02.2021 04:05:0044362
6  10  16  11  12  14  8  18  1 
⚲
519 945
01.02.2021 03:50:0044361
1  18  15  8  11  20  16  5  1 
⚲
519 090
01.02.2021 03:35:0044360
12  1  5  20  17  4  2  6  4 
⚲
518 580
01.02.2021 03:20:0044359
9  7  2  17  19  13  20  16  4 
⚲
518 235
01.02.2021 03:05:0044358
1  7  14  3  10  20  18  8  1 
⚲
546 945
01.02.2021 02:50:0044357
17  16  12  3  4  15  7  9  3 
⚲
547 230
01.02.2021 02:35:0044356
15  19  4  11  3  10  16  14  3 
⚲
547 245
01.02.2021 02:20:0044355
15  17  11  7  5  2  20  10  4 
⚲
546 930
01.02.2021 02:05:0044354
14  1  16  11  3  12  10  5  2 
⚲
545 715
01.02.2021 01:50:0044353
11  19  4  13  5  6  20  17  1 
⚲
543 975
01.02.2021 01:35:0044352
7  6  1  12  2  18  5  17  3 
⚲
544 785
01.02.2021 01:20:0044351
8  17  7  20  12  4  2  5  4 
⚲
545 760
01.02.2021 01:05:0044350
15  17  18  7  14  13  12  6  2 
⚲
543 660
01.02.2021 00:50:0044349
14  2  10  8  9  13  6  16  1 
⚲
543 105
01.02.2021 00:35:0044348
5  14  1  6  12  7  16  9  3 
⚲
540 225
01.02.2021 00:20:0044347
3  9  5  1  16  19  11  15  3 
⚲
541 140
01.02.2021 00:05:0044346
16  8  9  1  11  20  10  6  3 
⚲
539 250